0
309
589
8.145000e+002
9.635000e+002
1.022500e+003
986
8.575000e+002
649
380
75
-2.365000e+002
-5.265000e+002
-767
-936
-1.017500e+003
-1004
-897
-706
-449
-1.505000e+002
1.625000e+002
460
7.145000e+002
9.025000e+002
1006
1.015500e+003
9.305000e+002
758
515
224
-88
-392
-659
-865
-990
-1.022500e+003
-9.595000e+002
-807
-5.795000e+002
-2.975000e+002
1.250000e+001
321
5.995000e+002
822
9.675000e+002
1023
983
851
6.395000e+002
368
6.250000e+001
-249
-537
-7.755000e+002
-941
-1019
-1.001500e+003
-891
-697
-438
-138
1.745000e+002
471
7.235000e+002
908
1008
1014
925
7.495000e+002
504
2.115000e+002
-1.005000e+002
-4.035000e+002
-669
-8.715000e+002
-993
-1022
-955
-7.995000e+002
-569
-2.855000e+002
25
3.325000e+002
6.095000e+002
8.295000e+002
9.715000e+002
1023
979
8.435000e+002
6.295000e+002
3.565000e+002
50
-261
-548
-7.835000e+002
-946
-1020
-999
-8.845000e+002
-6.875000e+002
-4.265000e+002
-1.255000e+002
187
482
7.325000e+002
914
1.010500e+003
1012
9.195000e+002
741
4.935000e+002
1.995000e+002
-113
-415
-678
-878
-996
-1021
-9.505000e+002
-7.915000e+002
-5.585000e+002
-273
3.750000e+001
3.445000e+002
6.195000e+002
8.365000e+002
9.755000e+002
1.023500e+003
9.755000e+002
8.365000e+002
6.195000e+002
3.445000e+002
3.750000e+001
-273
-5.585000e+002
-7.915000e+002
-9.505000e+002
-1021
-996
-878
-678
-415
-113
1.995000e+002
4.935000e+002
741
9.195000e+002
1012
1.010500e+003
914
7.325000e+002
482
187
-1.255000e+002
-4.265000e+002
-6.875000e+002
-8.845000e+002
-999
-1020
-946
-7.835000e+002
-548
-261
50
3.565000e+002
6.295000e+002
8.435000e+002
979
1023
9.715000e+002
8.295000e+002
6.095000e+002
3.325000e+002
25
-2.855000e+002
-569
-7.995000e+002
-955
-1022
-993
-8.715000e+002
-669
-4.035000e+002
-1.005000e+002
2.115000e+002
504
7.495000e+002
925
1014
1008
908
7.235000e+002
471
1.745000e+002
-138
-438
-697
-891
-1.001500e+003
-1019
-941
-7.755000e+002
-537
-249
6.250000e+001
368
6.395000e+002
851
983
1023
9.675000e+002
822
5.995000e+002
321
1.250000e+001
-2.975000e+002
-5.795000e+002
-807
-9.595000e+002
-1.022500e+003
-990
-865
-659
-392
-88
224
515
758
9.305000e+002
1.015500e+003
1006
9.025000e+002
7.145000e+002
460
1.625000e+002
-1.505000e+002
-449
-706
-897
-1004
-1.017500e+003
-936
-767
-5.265000e+002
-2.365000e+002
75
380
649
8.575000e+002
986
1.022500e+003
9.635000e+002
8.145000e+002
589
309
-5.000000e-001
-3.095000e+002
-5.895000e+002
-815
-964
-1023
-9.865000e+002
-858
-6.495000e+002
-3.805000e+002
-7.550000e+001
236
526
7.665000e+002
9.355000e+002
1017
1.003500e+003
8.965000e+002
7.055000e+002
4.485000e+002
150
-163
-4.605000e+002
-715
-903
-1.006500e+003
-1016
-931
-7.585000e+002
-5.155000e+002
-2.245000e+002
8.750000e+001
3.915000e+002
6.585000e+002
8.645000e+002
9.895000e+002
1022
959
8.065000e+002
579
297
-13
-3.215000e+002
-600
-8.225000e+002
-968
-1.023500e+003
-9.835000e+002
-8.515000e+002
-640
-3.685000e+002
-63
2.485000e+002
5.365000e+002
775
9.405000e+002
1.018500e+003
1001
8.905000e+002
6.965000e+002
4.375000e+002
1.375000e+002
-175
-4.715000e+002
-724
-9.085000e+002
-1.008500e+003
-1.014500e+003
-9.255000e+002
-750
-5.045000e+002
-212
100
403
6.685000e+002
871
9.925000e+002
1.021500e+003
9.545000e+002
799
5.685000e+002
285
-2.550000e+001
-333
-610
-830
-972
-1.023500e+003
-9.795000e+002
-844
-630
-357
-5.050000e+001
2.605000e+002
5.475000e+002
783
9.455000e+002
1.019500e+003
9.985000e+002
884
687
426
125
-1.875000e+002
-4.825000e+002
-733
-9.145000e+002
-1011
-1.012500e+003
-920
-7.415000e+002
-494
-200
1.125000e+002
4.145000e+002
6.775000e+002
8.775000e+002
9.955000e+002
1.020500e+003
950
791
558
2.725000e+002
-38
-345
-620
-837
-976
-1.023500e+003
-976
-837
-620
-345
-38
2.725000e+002
558
791
950
1.020500e+003
9.955000e+002
8.775000e+002
6.775000e+002
4.145000e+002
1.125000e+002
-200
-494
-7.415000e+002
-920
-1.012500e+003
-1011
-9.145000e+002
-733
-4.825000e+002
-1.875000e+002
125
426
687
884
9.985000e+002
1.019500e+003
9.455000e+002
783
5.475000e+002
2.605000e+002
-5.050000e+001
-357
-630
-844
-9.795000e+002
-1.023500e+003
-972
-830
-610
-333
-2.550000e+001
285
5.685000e+002
799
9.545000e+002
1.021500e+003
9.925000e+002
871
6.685000e+002
403
100
-212
-5.045000e+002
-750
-9.255000e+002
-1.014500e+003
-1.008500e+003
-9.085000e+002
-724
-4.715000e+002
-175
1.375000e+002
4.375000e+002
6.965000e+002
8.905000e+002
1001
1.018500e+003
9.405000e+002
775
5.365000e+002
2.485000e+002
-63
-3.685000e+002
-640
-8.515000e+002
-9.835000e+002
-1.023500e+003
-968
-8.225000e+002
-600
-3.215000e+002
-13
297
579
8.065000e+002
959
1022
9.895000e+002
8.645000e+002
6.585000e+002
3.915000e+002
8.750000e+001
-2.245000e+002
-5.155000e+002
-7.585000e+002
-931
-1016
-1.006500e+003
-903
-715
-4.605000e+002
-163
150
4.485000e+002
7.055000e+002
8.965000e+002
1.003500e+003
1017
9.355000e+002
7.665000e+002
526
236
-7.550000e+001
-3.805000e+002
-6.495000e+002
-858
-9.865000e+002
-1023
-964
-815
-5.895000e+002
-3.095000e+002
0
309
589
8.145000e+002
9.635000e+002
1.022500e+003
986
8.575000e+002
649
380
75
-2.365000e+002
-5.265000e+002
-767
-936
-1.017500e+003
-1004
-897
-706
-449
-1.505000e+002
1.625000e+002
460
7.145000e+002
9.025000e+002
1006
1.015500e+003
9.305000e+002
758
515
224
-88
-392
-659
-865
-990
-1.022500e+003
-9.595000e+002
-807
-5.795000e+002
-2.975000e+002
1.250000e+001
321
5.995000e+002
822
9.675000e+002
1023
983
851
6.395000e+002
368
6.250000e+001
-249
-537
-7.755000e+002
-941
-1019
-1.001500e+003
-891
-697
-438
-138
1.745000e+002
471
7.235000e+002
908
1008
1014
925
7.495000e+002
504
2.115000e+002
-1.005000e+002
-4.035000e+002
-669
-8.715000e+002
-993
-1022
-955
-7.995000e+002
-569
-2.855000e+002
25
3.325000e+002
6.095000e+002
8.295000e+002
9.715000e+002
1023
979
8.435000e+002
6.295000e+002
3.565000e+002
50
-261
-548
-7.835000e+002
-946
-1020
-999
-8.845000e+002
-6.875000e+002
-4.265000e+002
-1.255000e+002
187
482
7.325000e+002
914
1.010500e+003
1012
9.195000e+002
741
4.935000e+002
1.995000e+002
-113
-415
-678
-878
-996
-1021
-9.505000e+002
-7.915000e+002
-5.585000e+002
-273
3.750000e+001
3.445000e+002
6.195000e+002
8.365000e+002
9.755000e+002
1.023500e+003
9.755000e+002
8.365000e+002
6.195000e+002
3.445000e+002
3.750000e+001
-273
-5.585000e+002
-7.915000e+002
-9.505000e+002
-1021
-996
-878
-678
-415
-113
1.995000e+002
4.935000e+002
741
9.195000e+002
1012
1.010500e+003
914
7.325000e+002
482
187
-1.255000e+002
-4.265000e+002
-6.875000e+002
-8.845000e+002
-999
-1020
-946
-7.835000e+002
-548
-261
50
3.565000e+002
6.295000e+002
8.435000e+002
979
1023
9.715000e+002
8.295000e+002
6.095000e+002
3.325000e+002
25
-2.855000e+002
-569
-7.995000e+002
-955
-1022
-993
-8.715000e+002
-669
-4.035000e+002
-1.005000e+002
2.115000e+002
504
7.495000e+002
925
1014
1008
908
7.235000e+002
471
1.745000e+002
-138
-438
-697
-891
-1.001500e+003
-1019
-941
-7.755000e+002
-537
-249
6.250000e+001
368
6.395000e+002
851
983
1023
9.675000e+002
822
5.995000e+002
321
1.250000e+001
-2.975000e+002
-5.795000e+002
-807
-9.595000e+002
-1.022500e+003
-990
-865
-659
-392
-88
224
515
758
9.305000e+002
1.015500e+003
1006
9.025000e+002
7.145000e+002
460
1.625000e+002
-1.505000e+002
-449
-706
-897
-1004
-1.017500e+003
-936
-767
-5.265000e+002
-2.365000e+002
75
380
649
8.575000e+002
986
1.022500e+003
9.635000e+002
8.145000e+002
589
309
0
-3.095000e+002
-5.895000e+002
-815
-964
-1023
-9.865000e+002
-858
-6.495000e+002
-3.805000e+002
-7.550000e+001
236
526
7.665000e+002
9.355000e+002
1017
1.003500e+003
8.965000e+002
7.055000e+002
4.485000e+002
150
-163
-4.605000e+002
-715
-903
-1.006500e+003
-1016
-931
-7.585000e+002
-5.155000e+002
-2.245000e+002
8.750000e+001
3.915000e+002
6.585000e+002
8.645000e+002
9.895000e+002
1022
959
8.065000e+002
579
297
-13
-3.215000e+002
-600
-8.225000e+002
-968
-1.023500e+003
-9.835000e+002
-8.515000e+002
-640
-3.685000e+002
-63
2.485000e+002
5.365000e+002
775
9.405000e+002
1.018500e+003
1001
8.905000e+002
6.965000e+002
4.375000e+002
1.375000e+002
-175
-4.715000e+002
-724
-9.085000e+002
-1.008500e+003
-1.014500e+003
-9.255000e+002
-750
-5.045000e+002
-212
100
403
6.685000e+002
871
9.925000e+002
1.021500e+003
9.545000e+002
799
5.685000e+002
285
-2.550000e+001
-333
-610
-830
-972
-1.023500e+003
-9.795000e+002
-844
-630
-357
-5.050000e+001
2.605000e+002
5.475000e+002
783
9.455000e+002
1.019500e+003
9.985000e+002
884
687
426
125
-1.875000e+002
-4.825000e+002
-733
-9.145000e+002
-1011
-1.012500e+003
-920
-7.415000e+002
-494
-200
1.125000e+002
4.145000e+002
6.775000e+002
8.775000e+002
9.955000e+002
1.020500e+003
950
791
558
2.725000e+002
-38
-345
-620
-837
-976
-1.023500e+003
-976
-837
-620
-345
-38
2.725000e+002
558
791
950
1.020500e+003
9.955000e+002
8.775000e+002
6.775000e+002
4.145000e+002
1.125000e+002
-200
-494
-7.415000e+002
-920
-1.012500e+003
-1011
-9.145000e+002
-733
-4.825000e+002
-1.875000e+002
125
426
687
884
9.985000e+002
1.019500e+003
9.455000e+002
783
5.475000e+002
2.605000e+002
-5.050000e+001
-357
-630
-844
-9.795000e+002
-1.023500e+003
-972
-830
-610
-333
-2.550000e+001
285
5.685000e+002
799
9.545000e+002
1.021500e+003
9.925000e+002
871
6.685000e+002
403
100
-212
-5.045000e+002
-750
-9.255000e+002
-1.014500e+003
-1.008500e+003
-9.085000e+002
-724
-4.715000e+002
-175
1.375000e+002
4.375000e+002
6.965000e+002
8.905000e+002
1001
1.018500e+003
9.405000e+002
775
5.365000e+002
2.485000e+002
-63
-3.685000e+002
-640
-8.515000e+002
-9.835000e+002
-1.023500e+003
-968
-8.225000e+002
-600
-3.215000e+002
-13
297
579
8.065000e+002
959
1022
9.895000e+002
8.645000e+002
6.585000e+002
3.915000e+002
8.750000e+001
-2.245000e+002
-5.155000e+002
-7.585000e+002
-931
-1016
-1.006500e+003
-903
-715
-4.605000e+002
-163
150
4.485000e+002
7.055000e+002
8.965000e+002
1.003500e+003
1017
9.355000e+002
7.665000e+002
526
236
-7.550000e+001
-3.805000e+002
-6.495000e+002
-858
-9.865000e+002
-1023
-964
-815
-5.895000e+002
-3.095000e+002
0
309
589
8.145000e+002
9.635000e+002
1.022500e+003
986
8.575000e+002
649
380
75
-2.365000e+002
-5.265000e+002
-767
-936
-1.017500e+003
-1004
-897
-706
-449
-1.505000e+002
1.625000e+002
460
7.145000e+002
9.025000e+002
1006
1.015500e+003
9.305000e+002
758
515
224
-88
-392
-659
-865
-990
-1.022500e+003
-9.595000e+002
-807
-5.795000e+002
-2.975000e+002
1.250000e+001
321
5.995000e+002
822
9.675000e+002
1023
983
851
6.395000e+002
368
6.250000e+001
-249
-537
-7.755000e+002
-941
-1019
-1.001500e+003
-891
-697
-438
-138
1.745000e+002
471
7.235000e+002
908
1008
1014
925
7.495000e+002
504
2.115000e+002
-1.005000e+002
-4.035000e+002
-669
-8.715000e+002
-993
-1022
-955
-7.995000e+002
-569
-2.855000e+002
25
3.325000e+002
6.095000e+002
8.295000e+002
9.715000e+002
1023
979
8.435000e+002
6.295000e+002
3.565000e+002
50
-261
-548
-7.835000e+002
-946
-1020
-999
-8.845000e+002
-6.875000e+002
-4.265000e+002
-1.255000e+002
187
482
7.325000e+002
914
1.010500e+003
1012
9.195000e+002
741
4.935000e+002
1.995000e+002
-113
-415
-678
-878
-996
-1021
-9.505000e+002
-7.915000e+002
-5.585000e+002
-273
3.750000e+001
3.445000e+002
6.195000e+002
8.365000e+002
9.755000e+002
1.023500e+003
9.755000e+002
8.365000e+002
6.195000e+002
3.445000e+002
3.750000e+001
-273
-5.585000e+002
-7.915000e+002
-9.505000e+002
-1021
-996
-878
-678
-415
-113
1.995000e+002
4.935000e+002
741
9.195000e+002
1012
1.010500e+003
914
7.325000e+002
482
187
-1.255000e+002
-4.265000e+002
-6.875000e+002
-8.845000e+002
-999
-1020
-946
-7.835000e+002
-548
-261
50
3.565000e+002
6.295000e+002
8.435000e+002
979
1023
9.715000e+002
8.295000e+002
6.095000e+002
3.325000e+002
25
-2.855000e+002
-569
-7.995000e+002
-955
-1022
-993
-8.715000e+002
-669
-4.035000e+002
-1.005000e+002
2.115000e+002
504
7.495000e+002
925
1014
1008
908
7.235000e+002
471
1.745000e+002
-138
-438
-697
-891
-1.001500e+003
-1019
-941
-7.755000e+002
-537
-249
6.250000e+001
368
6.395000e+002
851
983
1023
9.675000e+002
822
5.995000e+002
321
1.250000e+001
-2.975000e+002
-5.795000e+002
-807
-9.595000e+002
-1.022500e+003
-990
-865
-659
-392
-88
224
515
758
9.305000e+002
1.015500e+003
1006
9.025000e+002
7.145000e+002
460
1.625000e+002
-1.505000e+002
-449
-706
-897
-1004
-1.017500e+003
-936
-767
-5.265000e+002
-2.365000e+002
75
380
649
8.575000e+002
986
1.022500e+003
9.635000e+002
8.145000e+002
589
309
0
-3.095000e+002
-5.895000e+002
-815
-964
-1023
-9.865000e+002
-858
-6.495000e+002
-3.805000e+002
-7.550000e+001
236
526
7.665000e+002
9.355000e+002
1017
1.003500e+003
8.965000e+002
7.055000e+002
4.485000e+002
150
-163
-4.605000e+002
-715
-903
-1.006500e+003
-1016
-931
-7.585000e+002
-5.155000e+002
-2.245000e+002
8.750000e+001
3.915000e+002
6.585000e+002
8.645000e+002
9.895000e+002
1022
959
8.065000e+002
579
297
-13
-3.215000e+002
-600
-8.225000e+002
-968
-1.023500e+003
-9.835000e+002
-8.515000e+002
-640
-3.685000e+002
-63
2.485000e+002
5.365000e+002
775
9.405000e+002
1.018500e+003
1001
8.905000e+002
6.965000e+002
4.375000e+002
1.375000e+002
-175
-4.715000e+002
-724
-9.085000e+002
-1.008500e+003
-1.014500e+003
-9.255000e+002
-750
-5.045000e+002
-212
100
403
6.685000e+002
871
9.925000e+002
1.021500e+003
9.545000e+002
799
5.685000e+002
285
-2.550000e+001
-333
-610
-830
-972
-1.023500e+003
-9.795000e+002
-844
-630
-357
-5.050000e+001
2.605000e+002
5.475000e+002
783
9.455000e+002
1.019500e+003
9.985000e+002
884
687
426
125
-1.875000e+002
-4.825000e+002
-733
-9.145000e+002
-1011
-1.012500e+003
-920
-7.415000e+002
-494
-200
1.125000e+002
4.145000e+002
6.775000e+002
8.775000e+002
9.955000e+002
1.020500e+003
950
791
558
2.725000e+002
-38
-345
-620
-837
-976
-1.023500e+003
-976
-837
-620
-345
-38
2.725000e+002
558
791
950
1.020500e+003
9.955000e+002
8.775000e+002
6.775000e+002
4.145000e+002
1.125000e+002
-200
-494
-7.415000e+002
-920
-1.012500e+003
-1011
-9.145000e+002
-733
-4.825000e+002
-1.875000e+002
125
426
687
884
9.985000e+002
1.019500e+003
9.455000e+002
783
5.475000e+002
2.605000e+002
-5.050000e+001
-357
-630
-844
-9.795000e+002
-1.023500e+003
-972
-830
-610
-333
-2.550000e+001
285
5.685000e+002
799
9.545000e+002
1.021500e+003
9.925000e+002
871
6.685000e+002
403
100
-212
-5.045000e+002
-750
-9.255000e+002
-1.014500e+003
-1.008500e+003
-9.085000e+002
-724
-4.715000e+002
-175
1.375000e+002
4.375000e+002
6.965000e+002
8.905000e+002
1001
1.018500e+003
9.405000e+002
775
5.365000e+002
2.485000e+002
-63
-3.685000e+002
-640
-8.515000e+002
-9.835000e+002
-1.023500e+003
-968
-8.225000e+002
-600
-3.215000e+002
-13
297
579
8.065000e+002
959
1022
9.895000e+002
8.645000e+002
6.585000e+002
3.915000e+002
8.750000e+001
-2.245000e+002
-5.155000e+002
-7.585000e+002
-931
-1016
-1.006500e+003
-903
-715
-4.605000e+002
-163
150
4.485000e+002
7.055000e+002
8.965000e+002
1.003500e+003
1017
9.355000e+002
7.665000e+002
526
236
-7.550000e+001
-3.805000e+002
-6.495000e+002
-858
-9.865000e+002
-1023
-964
-815
-5.895000e+002
-3.095000e+002
-5.000000e-001
309
589
8.145000e+002
9.635000e+002
1.022500e+003
986
8.575000e+002
649
380
75
-2.365000e+002
-5.265000e+002
-767
-936
-1.017500e+003
-1004
-897
-706
-449
-1.505000e+002
1.625000e+002
460
7.145000e+002
9.025000e+002
1006
1.015500e+003
9.305000e+002
758
515
224
-88
-392
-659
-865
-990
-1.022500e+003
-9.595000e+002
-807
-5.795000e+002
-2.975000e+002
1.250000e+001
321
5.995000e+002
822
9.675000e+002
1023
983
851
6.395000e+002
368
6.250000e+001
-249
-537
-7.755000e+002
-941
-1019
-1.001500e+003
-891
-697
-438
-138
1.745000e+002
471
7.235000e+002
908
1008
1014
925
7.495000e+002
504
2.115000e+002
-1.005000e+002
-4.035000e+002
-669
-8.715000e+002
-993
-1022
-955
-7.995000e+002
-569
-2.855000e+002
25
3.325000e+002
6.095000e+002
8.295000e+002
9.715000e+002
1023
979
8.435000e+002
6.295000e+002
3.565000e+002
50
-261
-548
-7.835000e+002
-946
-1020
-999
-8.845000e+002
-6.875000e+002
-4.265000e+002
-1.255000e+002
187
482
7.325000e+002
914
1.010500e+003
1012
9.195000e+002
741
4.935000e+002
1.995000e+002
-113
-415
-678
-878
-996
-1021
-9.505000e+002
-7.915000e+002
-5.585000e+002
-273
3.750000e+001
3.445000e+002
6.195000e+002
8.365000e+002
9.755000e+002
1.023500e+003
9.755000e+002
8.365000e+002
6.195000e+002
3.445000e+002
3.750000e+001
-273
-5.585000e+002
-7.915000e+002
-9.505000e+002
-1021
-996
-878
-678
-415
-113
1.995000e+002
4.935000e+002
741
9.195000e+002
1012
1.010500e+003
914
7.325000e+002
482
187
-1.255000e+002
-4.265000e+002
-6.875000e+002
-8.845000e+002
-999
-1020
-946
-7.835000e+002
-548
-261
50
3.565000e+002
6.295000e+002
8.435000e+002
979
1023
9.715000e+002
8.295000e+002
6.095000e+002
3.325000e+002
25
-2.855000e+002
-569
-7.995000e+002
-955
-1022
-993
-8.715000e+002
-669
-4.035000e+002
-1.005000e+002
2.115000e+002
504
7.495000e+002
925
1014
1008
908
7.235000e+002
471
1.745000e+002
-138
-438
-697
-891
-1.001500e+003
-1019
-941
-7.755000e+002
-537
-249
6.250000e+001
368
6.395000e+002
851
983
1023
9.675000e+002
822
5.995000e+002
321
1.250000e+001
-2.975000e+002
-5.795000e+002
-807
-9.595000e+002
-1.022500e+003
-990
-865
-659
-392
-88
224
515
758
9.305000e+002
1.015500e+003
1006
9.025000e+002
7.145000e+002
460
1.625000e+002
-1.505000e+002
-449
-706
-897
-1004
-1.017500e+003
-936
-767
-5.265000e+002
-2.365000e+002
75
380
649
8.575000e+002
986
1.022500e+003
9.635000e+002
8.145000e+002
589
309
0
-3.095000e+002
-5.895000e+002
-815
-964
-1023
-9.865000e+002
-858
-6.495000e+002
-3.805000e+002
-7.550000e+001
236
526
7.665000e+002
9.355000e+002
1017
1.003500e+003
8.965000e+002
7.055000e+002
4.485000e+002
150
-163
-4.605000e+002
-715
-903
-1.006500e+003
-1016
-931
-7.585000e+002
-5.155000e+002
-2.245000e+002
8.750000e+001
3.915000e+002
6.585000e+002
8.645000e+002
9.895000e+002
1022
959
8.065000e+002
579
297
-13
-3.215000e+002
-600
-8.225000e+002
-968
-1.023500e+003
-9.835000e+002
-8.515000e+002
-640
-3.685000e+002
-63
2.485000e+002
5.365000e+002
775
9.405000e+002
1.018500e+003
1001
8.905000e+002
6.965000e+002
4.375000e+002
1.375000e+002
-175
-4.715000e+002
-724
-9.085000e+002
-1.008500e+003
-1.014500e+003
-9.255000e+002
-750
-5.045000e+002
-212
100
403
6.685000e+002
871
9.925000e+002
1.021500e+003
9.545000e+002
799
5.685000e+002
285
-2.550000e+001
-333
-610
-830
-972
-1.023500e+003
-9.795000e+002
-844
-630
-357
-5.050000e+001
2.605000e+002
5.475000e+002
783
9.455000e+002
1.019500e+003
9.985000e+002
884
687
426
125
-1.875000e+002
-4.825000e+002
-733
-9.145000e+002
-1011
-1.012500e+003
-920
-7.415000e+002
-494
-200
1.125000e+002
4.145000e+002
6.775000e+002
8.775000e+002
9.955000e+002
1.020500e+003
950
791
558
2.725000e+002
-38
-345
-620
-837
-976
-1.023500e+003
-976
-837
-620
-345
-38
2.725000e+002
558
791
950
1.020500e+003
9.955000e+002
8.775000e+002
6.775000e+002
4.145000e+002
1.125000e+002
-200
-494
-7.415000e+002
-920
-1.012500e+003
-1011
-9.145000e+002
-733
-4.825000e+002
-1.875000e+002
125
426
687
884
9.985000e+002
1.019500e+003
9.455000e+002
783
5.475000e+002
2.605000e+002
-5.050000e+001
-357
-630
-844
-9.795000e+002
-1.023500e+003
-972
-830
-610
-333
-2.550000e+001
285
5.685000e+002
799
9.545000e+002
1.021500e+003
9.925000e+002
871
6.685000e+002
403
100
-212
-5.045000e+002
-750
-9.255000e+002
-1.014500e+003
-1.008500e+003
-9.085000e+002
-724
-4.715000e+002
-175
1.375000e+002
4.375000e+002
6.965000e+002
8.905000e+002
1001
1.018500e+003
9.405000e+002
775
5.365000e+002
2.485000e+002
-63
-3.685000e+002
-640
-8.515000e+002
-9.835000e+002
-1.023500e+003
-968
-8.225000e+002
-600
-3.215000e+002
-13
297
579
8.065000e+002
959
1022
9.895000e+002
8.645000e+002
6.585000e+002
3.915000e+002
8.750000e+001
-2.245000e+002
-5.155000e+002
-7.585000e+002
-931
-1016
-1.006500e+003
-903
-715
-4.605000e+002
-163
150
4.485000e+002
7.055000e+002
8.965000e+002
1.003500e+003
1017
9.355000e+002
7.665000e+002
526
236
-7.550000e+001
-3.805000e+002
-6.495000e+002
-858
-9.865000e+002
-1023
-964
-815
-5.895000e+002
-3.095000e+002
0
309
589
8.145000e+002
9.635000e+002
1.022500e+003
986
8.575000e+002
649
380
75
-2.365000e+002
-5.265000e+002
-767
-936
-1.017500e+003
-1004
-897
-706
-449
-1.505000e+002
1.625000e+002
460
7.145000e+002
9.025000e+002
1006
1.015500e+003
9.305000e+002
758
515
224
-88
-392
-659
-865
-990
-1.022500e+003
-9.595000e+002
-807
-5.795000e+002
-2.975000e+002
1.250000e+001
321
5.995000e+002
822
9.675000e+002
1023
983
851
6.395000e+002
368
6.250000e+001
-249
-537
-7.755000e+002
-941
-1019
-1.001500e+003
-891
-697
-438
-138
1.745000e+002
471
7.235000e+002
908
1008
1014
925
7.495000e+002
504
2.115000e+002
-1.005000e+002
-4.035000e+002
-669
-8.715000e+002
-993
-1022
-955
-7.995000e+002
-569
-2.855000e+002
25
3.325000e+002
6.095000e+002
8.295000e+002
9.715000e+002
1023
979
8.435000e+002
6.295000e+002
3.565000e+002
50
-261
-548
-7.835000e+002
-946
-1020
-999
-8.845000e+002
-6.875000e+002
-4.265000e+002
-1.255000e+002
187
482
7.325000e+002
914
1.010500e+003
1012
9.195000e+002
741
4.935000e+002
1.995000e+002
-113
-415
-678
-878
-996
-1021
-9.505000e+002
-7.915000e+002
-5.585000e+002
-273
3.750000e+001
3.445000e+002
6.195000e+002
8.365000e+002
9.755000e+002
1.023500e+003
9.755000e+002
8.365000e+002
6.195000e+002
3.445000e+002
3.750000e+001
-273
-5.585000e+002
-7.915000e+002
-9.505000e+002
-1021
-996
-878
-678
-415
-113
1.995000e+002
4.935000e+002
741
9.195000e+002
1012
1.010500e+003
914
7.325000e+002
482
187
-1.255000e+002
-4.265000e+002
-6.875000e+002
-8.845000e+002
-999
-1020
-946
-7.835000e+002
-548
-261
50
3.565000e+002
6.295000e+002
8.435000e+002
979
1023
9.715000e+002
8.295000e+002
6.095000e+002
3.325000e+002
25
-2.855000e+002
-569
-7.995000e+002
-955
-1022
-993
-8.715000e+002
-669
-4.035000e+002
-1.005000e+002
2.115000e+002
504
7.495000e+002
925
1014
1008
908
7.235000e+002
471
1.745000e+002
-138
-438
-697
-891
-1.001500e+003
-1019
-941
-7.755000e+002
-537
-249
6.250000e+001
368
6.395000e+002
851
983
1023
9.675000e+002
822
5.995000e+002
321
1.250000e+001
-2.975000e+002
-5.795000e+002
-807
-9.595000e+002
-1.022500e+003
-990
-865
-659
-392
-88
224
515
758
9.305000e+002
1.015500e+003
1006
9.025000e+002
7.145000e+002
460
1.625000e+002
-1.505000e+002
-449
-706
-897
-1004
-1.017500e+003
-936
-767
-5.265000e+002
-2.365000e+002
75
380
649
8.575000e+002
986
1.022500e+003
9.635000e+002
8.145000e+002
589
309
0
-3.095000e+002
-5.895000e+002
-815
-964
-1023
-9.865000e+002
-858
-6.495000e+002
-3.805000e+002
-7.550000e+001
236
526
7.665000e+002
9.355000e+002
1017
1.003500e+003
8.965000e+002
7.055000e+002
4.485000e+002
150
-163
-4.605000e+002
-715
-903
-1.006500e+003
-1016
-931
-7.585000e+002
-5.155000e+002
-2.245000e+002
8.750000e+001
3.915000e+002
6.585000e+002
8.645000e+002
9.895000e+002
1022
959
8.065000e+002
579
297
-13
-3.215000e+002
-600
-8.225000e+002
-968
-1.023500e+003
-9.835000e+002
-8.515000e+002
-640
-3.685000e+002
-63
2.485000e+002
5.365000e+002
775
9.405000e+002
1.018500e+003
1001
8.905000e+002
6.965000e+002
4.375000e+002
1.375000e+002
-175
-4.715000e+002
-724
-9.085000e+002
-1.008500e+003
-1.014500e+003
-9.255000e+002
-750
-5.045000e+002
-212
100
403
6.685000e+002
871
9.925000e+002
1.021500e+003
9.545000e+002
799
5.685000e+002
285
-2.550000e+001
-333
-610
-830
-972
-1.023500e+003
-9.795000e+002
-844
-630
-357
-5.050000e+001
2.605000e+002
5.475000e+002
783
9.455000e+002
1.019500e+003
9.985000e+002
884
687
426
125
-1.875000e+002
-4.825000e+002
-733
-9.145000e+002
-1011
-1.012500e+003
-920
-7.415000e+002
-494
-200
1.125000e+002
4.145000e+002
6.775000e+002
8.775000e+002
9.955000e+002
1.020500e+003
950
791
558
2.725000e+002
-38
-345
-620
-837
-976
-1.023500e+003
-976
-837
-620
-345
-38
2.725000e+002
558
791
950
1.020500e+003
9.955000e+002
8.775000e+002
6.775000e+002
4.145000e+002
1.125000e+002
-200
-494
-7.415000e+002
-920
-1.012500e+003
-1011
-9.145000e+002
-733
-4.825000e+002
-1.875000e+002
125
426
687
884
9.985000e+002
1.019500e+003
9.455000e+002
783
5.475000e+002
2.605000e+002
-5.050000e+001
-357
-630
-844
-9.795000e+002
-1.023500e+003
-972
-830
-610
-333
-2.550000e+001
285
5.685000e+002
799
9.545000e+002
1.021500e+003
9.925000e+002
871
6.685000e+002
403
100
-212
-5.045000e+002
-750
-9.255000e+002
-1.014500e+003
-1.008500e+003
-9.085000e+002
-724
-4.715000e+002
-175
1.375000e+002
4.375000e+002
6.965000e+002
8.905000e+002
1001
1.018500e+003
9.405000e+002
775
5.365000e+002
2.485000e+002
-63
-3.685000e+002
-640
-8.515000e+002
-9.835000e+002
-1.023500e+003
-968
-8.225000e+002
-600
-3.215000e+002
-13
297
579
8.065000e+002
959
1022
9.895000e+002
8.645000e+002
6.585000e+002
3.915000e+002
8.750000e+001
-2.245000e+002
-5.155000e+002
-7.585000e+002
-931
-1016
-1.006500e+003
-903
-715
-4.605000e+002
-163
150
4.485000e+002
7.055000e+002
8.965000e+002
1.003500e+003
1017
9.355000e+002
7.665000e+002
526
236
-7.550000e+001
-3.805000e+002
-6.495000e+002
-858
-9.865000e+002
-1023
-964
-815
-5.895000e+002
-3.095000e+002
-5.000000e-001
309
589
8.145000e+002
9.635000e+002
1.022500e+003
986
8.575000e+002
649
380
75
-2.365000e+002
-5.265000e+002
-767
-936
-1.017500e+003
-1004
-897
-706
-449
-1.505000e+002
1.625000e+002
460
7.145000e+002
9.025000e+002
1006
1.015500e+003
9.305000e+002
758
515
224
-88
-392
-659
-865
-990
-1.022500e+003
-9.595000e+002
-807
-5.795000e+002
-2.975000e+002
1.250000e+001
321
5.995000e+002
822
9.675000e+002
1023
983
851
6.395000e+002
368
6.250000e+001
-249
-537
-7.755000e+002
-941
-1019
-1.001500e+003
-891
-697
-438
-138
1.745000e+002
471
7.235000e+002
908
1008
1014
925
7.495000e+002
504
2.115000e+002
-1.005000e+002
-4.035000e+002
-669
-8.715000e+002
-993
-1022
-955
-7.995000e+002
-569
-2.855000e+002
25
3.325000e+002
6.095000e+002
8.295000e+002
9.715000e+002
1023
979
8.435000e+002
6.295000e+002
3.565000e+002
50
-261
-548
-7.835000e+002
-946
-1020
-999
-8.845000e+002
-6.875000e+002
-4.265000e+002
-1.255000e+002
187
482
7.325000e+002
914
1.010500e+003
1012
9.195000e+002
741
4.935000e+002
1.995000e+002
-113
-415
-678
-878
-996
-1021
-9.505000e+002
-7.915000e+002
-5.585000e+002
-273
3.750000e+001
3.445000e+002
6.195000e+002
8.365000e+002
9.755000e+002
1.023500e+003
9.755000e+002
8.365000e+002
6.195000e+002
3.445000e+002
3.750000e+001
-273
-5.585000e+002
-7.915000e+002
-9.505000e+002
-1021
-996
-878
-678
-415
-113
1.995000e+002
4.935000e+002
741
9.195000e+002
1012
1.010500e+003
914
7.325000e+002
482
187
-1.255000e+002
-4.265000e+002
-6.875000e+002
-8.845000e+002
-999
-1020
-946
-7.835000e+002
-548
-261
50
3.565000e+002
6.295000e+002
8.435000e+002
979
1023
9.715000e+002
8.295000e+002
6.095000e+002
3.325000e+002
25
-2.855000e+002
-569
-7.995000e+002
-955
-1022
-993
-8.715000e+002
-669
-4.035000e+002
-1.005000e+002
2.115000e+002
504
7.495000e+002
925
1014
1008
908
7.235000e+002
471
1.745000e+002
-138
-438
-697
-891
-1.001500e+003
-1019
-941
-7.755000e+002
-537
-249
6.250000e+001
368
6.395000e+002
851
983
1023
9.675000e+002
822
5.995000e+002
321
1.250000e+001
-2.975000e+002
-5.795000e+002
-807
-9.595000e+002
-1.022500e+003
-990
-865
-659
-392
-88
224
515
758
9.305000e+002
1.015500e+003
1006
9.025000e+002
7.145000e+002
460
1.625000e+002
-1.505000e+002
-449
-706
-897
-1004
-1.017500e+003
-936
-767
-5.265000e+002
-2.365000e+002
75
380
649
8.575000e+002
986
1.022500e+003
9.635000e+002
8.145000e+002
589
309
0
-3.095000e+002
-5.895000e+002
-815
-964
-1023
-9.865000e+002
-858
-6.495000e+002
-3.805000e+002
-7.550000e+001
236
526
7.665000e+002
9.355000e+002
1017
1.003500e+003
8.965000e+002
7.055000e+002
4.485000e+002
150
-163
-4.605000e+002
-715
-903
-1.006500e+003
-1016
-931
-7.585000e+002
-5.155000e+002
-2.245000e+002
8.750000e+001
3.915000e+002
6.585000e+002
8.645000e+002
9.895000e+002
1022
959
8.065000e+002
579
297
-13
-3.215000e+002
-600
-8.225000e+002
-968
-1.023500e+003
-9.835000e+002
-8.515000e+002
-640
-3.685000e+002
-63
2.485000e+002
5.365000e+002
775
9.405000e+002
1.018500e+003
1001
8.905000e+002
6.965000e+002
4.375000e+002
1.375000e+002
-175
-4.715000e+002
-724
-9.085000e+002
-1.008500e+003
-1.014500e+003
-9.255000e+002
-750
-5.045000e+002
-212
100
403
6.685000e+002
871
9.925000e+002
1.021500e+003
9.545000e+002
799
5.685000e+002
285
-2.550000e+001
-333
-610
-830
-972
-1.023500e+003
-9.795000e+002
-844
-630
-357
-5.050000e+001
2.605000e+002
5.475000e+002
783
9.455000e+002
1.019500e+003
9.985000e+002
884
687
426
125
-1.875000e+002
-4.825000e+002
-733
-9.145000e+002
-1011
-1.012500e+003
-920
-7.415000e+002
-494
-200
1.125000e+002
4.145000e+002
6.775000e+002
8.775000e+002
9.955000e+002
1.020500e+003
950
791
558
2.725000e+002
-38
-345
-620
-837
-976
-1.023500e+003
-976
-837
-620
-345
-38
2.725000e+002
558
791
950
1.020500e+003
9.955000e+002
8.775000e+002
6.775000e+002
4.145000e+002
1.125000e+002
-200
-494
-7.415000e+002
-920
-1.012500e+003
-1011
-9.145000e+002
-733
-4.825000e+002
-1.875000e+002
125
426
687
884
9.985000e+002
1.019500e+003
9.455000e+002
783
5.475000e+002
2.605000e+002
-5.050000e+001
-357
-630
-844
-9.795000e+002
-1.023500e+003
-972
-830
-610
-333
-2.550000e+001
285
5.685000e+002
799
9.545000e+002
1.021500e+003
9.925000e+002
871
6.685000e+002
403
100
-212
-5.045000e+002
-750
-9.255000e+002
-1.014500e+003
-1.008500e+003
-9.085000e+002
-724
-4.715000e+002
-175
1.375000e+002
4.375000e+002
6.965000e+002
8.905000e+002
1001
1.018500e+003
9.405000e+002
775
5.365000e+002
2.485000e+002
-63
-3.685000e+002
-640
-8.515000e+002
-9.835000e+002
-1.023500e+003
-968
-8.225000e+002
-600
-3.215000e+002
-13
297
579
8.065000e+002
959
1022
9.895000e+002
8.645000e+002
6.585000e+002
3.915000e+002
8.750000e+001
-2.245000e+002
-5.155000e+002
-7.585000e+002
-931
-1016
-1.006500e+003
-903
-715
-4.605000e+002
-163
150
4.485000e+002
7.055000e+002
8.965000e+002
1.003500e+003
1017
9.355000e+002
7.665000e+002
526
236
-7.550000e+001
-3.805000e+002
-6.495000e+002
-858
-9.865000e+002
-1023
-964
-815
-5.895000e+002
-3.095000e+002
-5.000000e-001
309
589
8.145000e+002
9.635000e+002
1.022500e+003
986
8.575000e+002
649
380
75
-2.365000e+002
-5.265000e+002
-767
-936
-1.017500e+003
-1004
-897
-706
-449
-1.505000e+002
1.625000e+002
460
7.145000e+002
9.025000e+002
1006
1.015500e+003
9.305000e+002
758
515
224
-88
-392
-659
-865
-990
-1.022500e+003
-9.595000e+002
-807
-5.795000e+002
-2.975000e+002
1.250000e+001
321
5.995000e+002
822
9.675000e+002
1023
983
851
6.395000e+002
368
6.250000e+001
-249
-537
-7.755000e+002
-941
-1019
-1.001500e+003
-891
-697
-438
-138
1.745000e+002
471
7.235000e+002
908
1008
1014
925
7.495000e+002
504
2.115000e+002
-1.005000e+002
-4.035000e+002
-669
-8.715000e+002
-993
-1022
-955
-7.995000e+002
-569
-2.855000e+002
25
3.325000e+002
6.095000e+002
8.295000e+002
9.715000e+002
1023
979
8.435000e+002
6.295000e+002
3.565000e+002
50
-261
-548
-7.835000e+002
-946
-1020
-999
-8.845000e+002
-6.875000e+002
-4.265000e+002
-1.255000e+002
187
482
7.325000e+002
914
1.010500e+003
1012
9.195000e+002
741
4.935000e+002
1.995000e+002
-113
-415
-678
-878
-996
-1021
-9.505000e+002
-7.915000e+002
-5.585000e+002
-273
3.750000e+001
3.445000e+002
6.195000e+002
8.365000e+002
9.755000e+002
1.023500e+003
9.755000e+002
8.365000e+002
6.195000e+002
3.445000e+002
3.750000e+001
-273
-5.585000e+002
-7.915000e+002
-9.505000e+002
-1021
-996
-878
-678
-415
-113
1.995000e+002
4.935000e+002
741
9.195000e+002
1012
1.010500e+003
914
7.325000e+002
482
187
-1.255000e+002
-4.265000e+002
-6.875000e+002
-8.845000e+002
-999
-1020
-946
-7.835000e+002
-548
-261
50
3.565000e+002
6.295000e+002
8.435000e+002
979
1023
9.715000e+002
8.295000e+002
6.095000e+002
3.325000e+002
25
-2.855000e+002
-569
-7.995000e+002
-955
-1022
-993
-8.715000e+002
-669
-4.035000e+002
-1.005000e+002
2.115000e+002
504
7.495000e+002
925
1014
1008
908
7.235000e+002
471
1.745000e+002
-138
-438
-697
-891
-1.001500e+003
-1019
-941
-7.755000e+002
-537
-249
6.250000e+001
368
6.395000e+002
851
983
1023
9.675000e+002
822
5.995000e+002
321
1.250000e+001
-2.975000e+002
-5.795000e+002
-807
-9.595000e+002
-1.022500e+003
-990
-865
-659
-392
-88
224
515
758
9.305000e+002
1.015500e+003
1006
9.025000e+002
7.145000e+002
460
1.625000e+002
-1.505000e+002
-449
-706
-897
-1004
-1.017500e+003
-936
-767
-5.265000e+002
-2.365000e+002
75
380
649
8.575000e+002
986
1.022500e+003
9.635000e+002
8.145000e+002
589
309
-5.000000e-001
-3.095000e+002
-5.895000e+002
-815
-964
-1023
-9.865000e+002
-858
-6.495000e+002
-3.805000e+002
-7.550000e+001
236
526
7.665000e+002
9.355000e+002
1017
1.003500e+003
8.965000e+002
7.055000e+002
4.485000e+002
150
-163
-4.605000e+002
-715
-903
-1.006500e+003
-1016
-931
-7.585000e+002
-5.155000e+002
-2.245000e+002
8.750000e+001
3.915000e+002
6.585000e+002
8.645000e+002
9.895000e+002
1022
959
8.065000e+002
579
297
-13
-3.215000e+002
-600
-8.225000e+002
-968
-1.023500e+003
-9.835000e+002
-8.515000e+002
-640
-3.685000e+002
-63
2.485000e+002
5.365000e+002
775
9.405000e+002
1.018500e+003
1001
8.905000e+002
6.965000e+002
4.375000e+002
1.375000e+002
-175
-4.715000e+002
-724
-9.085000e+002
-1.008500e+003
-1.014500e+003
-9.255000e+002
-750
-5.045000e+002
-212
100
403
6.685000e+002
871
9.925000e+002
1.021500e+003
9.545000e+002
799
5.685000e+002
285
-2.550000e+001
-333
-610
-830
-972
-1.023500e+003
-9.795000e+002
-844
-630
-357
-5.050000e+001
2.605000e+002
5.475000e+002
783
9.455000e+002
1.019500e+003
9.985000e+002
884
687
426
125
-1.875000e+002
-4.825000e+002
-733
-9.145000e+002
-1011
-1.012500e+003
-920
-7.415000e+002
-494
-200
1.125000e+002
4.145000e+002
6.775000e+002
8.775000e+002
9.955000e+002
1.020500e+003
950
791
558
2.725000e+002
-38
-345
-620
-837
-976
-1.023500e+003
-976
-837
-620
-345
-38
2.725000e+002
558
791
950
1.020500e+003
9.955000e+002
8.775000e+002
6.775000e+002
4.145000e+002
1.125000e+002
-200
-494
-7.415000e+002
-920
-1.012500e+003
-1011
-9.145000e+002
-733
-4.825000e+002
-1.875000e+002
125
426
687
884
9.985000e+002
1.019500e+003
9.455000e+002
783
5.475000e+002
2.605000e+002
-5.050000e+001
-357
-630
-844
-9.795000e+002
-1.023500e+003
-972
-830
-610
-333
-2.550000e+001
285
5.685000e+002
799
9.545000e+002
1.021500e+003
9.925000e+002
871
6.685000e+002
403
100
-212
-5.045000e+002
-750
-9.255000e+002
-1.014500e+003
-1.008500e+003
-9.085000e+002
-724
-4.715000e+002
-175
1.375000e+002
4.375000e+002
6.965000e+002
8.905000e+002
1001
1.018500e+003
9.405000e+002
775
5.365000e+002
2.485000e+002
-63
-3.685000e+002
-640
-8.515000e+002
-9.835000e+002
-1.023500e+003
-968
-8.225000e+002
-600
-3.215000e+002
-13
297
579
8.065000e+002
959
1022
9.895000e+002
8.645000e+002
6.585000e+002
3.915000e+002
8.750000e+001
-2.245000e+002
-5.155000e+002
-7.585000e+002
-931
-1016
-1.006500e+003
-903
-715
-4.605000e+002
-163
150
4.485000e+002
7.055000e+002
8.965000e+002
1.003500e+003
1017
9.355000e+002
7.665000e+002
526
236
-7.550000e+001
-3.805000e+002
-6.495000e+002
-858
-9.865000e+002
-1023
-964
-815
-5.895000e+002
-3.095000e+002
-5.000000e-001
309
589
8.145000e+002
9.635000e+002
1.022500e+003
986
8.575000e+002
649
380
75
-2.365000e+002
-5.265000e+002
-767
-936
-1.017500e+003
-1004
-897
-706
-449
-1.505000e+002
1.625000e+002
460
7.145000e+002
9.025000e+002
1006
1.015500e+003
9.305000e+002
758
515
224
-88
-392
-659
-865
-990
-1.022500e+003
-9.595000e+002
-807
-5.795000e+002
-2.975000e+002
1.250000e+001
321
5.995000e+002
822
9.675000e+002
1023
983
851
6.395000e+002
368
6.250000e+001
-249
-537
-7.755000e+002
-941
-1019
-1.001500e+003
-891
-697
-438
-138
1.745000e+002
471
7.235000e+002
908
1008
1014
925
7.495000e+002
504
2.115000e+002
-1.005000e+002
-4.035000e+002
-669
-8.715000e+002
-993
-1022
-955
-7.995000e+002
-569
-2.855000e+002
25
3.325000e+002
6.095000e+002
8.295000e+002
9.715000e+002
1023
979
8.435000e+002
6.295000e+002
3.565000e+002
50
-261
-548
-7.835000e+002
-946
-1020
-999
-8.845000e+002
-6.875000e+002
-4.265000e+002
-1.255000e+002
187
482
7.325000e+002
914
1.010500e+003
1012
9.195000e+002
741
4.935000e+002
1.995000e+002
-113
-415
-678
-878
-996
-1021
-9.505000e+002
-7.915000e+002
-5.585000e+002
-273
3.750000e+001
3.445000e+002
6.195000e+002
8.365000e+002
9.755000e+002
1.023500e+003
9.755000e+002
8.365000e+002
6.195000e+002
3.445000e+002
3.750000e+001
-273
-5.585000e+002
-7.915000e+002
-9.505000e+002
-1021
-996
-878
-678
-415
-113
1.995000e+002
4.935000e+002
741
9.195000e+002
1012
1.010500e+003
914
7.325000e+002
482
187
-1.255000e+002
-4.265000e+002
-6.875000e+002
-8.845000e+002
-999
-1020
-946
-7.835000e+002
-548
-261
50
3.565000e+002
6.295000e+002
8.435000e+002
979
1023
9.715000e+002
8.295000e+002
6.095000e+002
3.325000e+002
25
-2.855000e+002
-569
-7.995000e+002
-955
-1022
-993
-8.715000e+002
-669
-4.035000e+002
-1.005000e+002
2.115000e+002
504
7.495000e+002
925
1014
1008
908
7.235000e+002
471
1.745000e+002
-138
-438
-697
-891
-1.001500e+003
-1019
-941
-7.755000e+002
-537
-249
6.250000e+001
368
6.395000e+002
851
983
1023
9.675000e+002
822
5.995000e+002
321
1.250000e+001
-2.975000e+002
-5.795000e+002
-807
-9.595000e+002
-1.022500e+003
-990
-865
-659
-392
-88
224
515
758
9.305000e+002
1.015500e+003
1006
9.025000e+002
7.145000e+002
460
1.625000e+002
-1.505000e+002
-449
-706
-897
-1004
-1.017500e+003
-936
-767
-5.265000e+002
-2.365000e+002
75
380
649
8.575000e+002
986
1.022500e+003
9.635000e+002
8.145000e+002
589
309
0
-3.095000e+002
-5.895000e+002
-815
-964
-1023
-9.865000e+002
-858
-6.495000e+002
-3.805000e+002
-7.550000e+001
236
526
7.665000e+002
9.355000e+002
1017
1.003500e+003
8.965000e+002
7.055000e+002
4.485000e+002
150
-163
-4.605000e+002
-715
-903
-1.006500e+003
-1016
-931
-7.585000e+002
-5.155000e+002
-2.245000e+002
8.750000e+001
3.915000e+002
6.585000e+002
8.645000e+002
9.895000e+002
1022
959
8.065000e+002
579
297
-13
-3.215000e+002
-600
-8.225000e+002
-968
-1.023500e+003
-9.835000e+002
-8.515000e+002
-640
-3.685000e+002
-63
2.485000e+002
5.365000e+002
775
9.405000e+002
1.018500e+003
1001
8.905000e+002
6.965000e+002
4.375000e+002
1.375000e+002
-175
-4.715000e+002
-724
-9.085000e+002
-1.008500e+003
-1.014500e+003
-9.255000e+002
-750
-5.045000e+002
-212
100
403
6.685000e+002
871
9.925000e+002
1.021500e+003
9.545000e+002
799
5.685000e+002
285
-2.550000e+001
-333
-610
-830
-972
-1.023500e+003
-9.795000e+002
-844
-630
-357
-5.050000e+001
2.605000e+002
5.475000e+002
783
9.455000e+002
1.019500e+003
9.985000e+002
884
687
426
125
-1.875000e+002
-4.825000e+002
-733
-9.145000e+002
-1011
-1.012500e+003
-920
-7.415000e+002
-494
-200
1.125000e+002
4.145000e+002
6.775000e+002
8.775000e+002
9.955000e+002
1.020500e+003
950
791
558
2.725000e+002
-38
-345
-620
-837
-976
-1.023500e+003
-976
-837
-620
-345
-38
2.725000e+002
558
791
950
1.020500e+003
9.955000e+002
8.775000e+002
6.775000e+002
4.145000e+002
1.125000e+002
-200
-494
-7.415000e+002
-920
-1.012500e+003
-1011
-9.145000e+002
-733
-4.825000e+002
-1.875000e+002
125
426
687
884
9.985000e+002
1.019500e+003
9.455000e+002
783
5.475000e+002
2.605000e+002
-5.050000e+001
-357
-630
-844
-9.795000e+002
-1.023500e+003
-972
-830
-610
-333
-2.550000e+001
285
5.685000e+002
799
9.545000e+002
1.021500e+003
9.925000e+002
871
6.685000e+002
403
100
-212
-5.045000e+002
-750
-9.255000e+002
-1.014500e+003
-1.008500e+003
-9.085000e+002
-724
-4.715000e+002
-175
1.375000e+002
4.375000e+002
6.965000e+002
8.905000e+002
1001
1.018500e+003
9.405000e+002
775
5.365000e+002
2.485000e+002
-63
-3.685000e+002
-640
-8.515000e+002
-9.835000e+002
-1.023500e+003
-968
-8.225000e+002
-600
-3.215000e+002
-13
297
579
8.065000e+002
959
1022
9.895000e+002
8.645000e+002
6.585000e+002
3.915000e+002
8.750000e+001
-2.245000e+002
-5.155000e+002
-7.585000e+002
-931
-1016
-1.006500e+003
-903
-715
-4.605000e+002
-163
150
4.485000e+002
7.055000e+002
8.965000e+002
1.003500e+003
1017
9.355000e+002
7.665000e+002
526
236
-7.550000e+001
-3.805000e+002
-6.495000e+002
-858
-9.865000e+002
-1023
-964
-815
-5.895000e+002
-3.095000e+002
0
309
589
8.145000e+002
9.635000e+002
1.022500e+003
986
8.575000e+002
649
380
75
-2.365000e+002
-5.265000e+002
-767
-936
-1.017500e+003
-1004
-897
-706
-449
-1.505000e+002
1.625000e+002
460
7.145000e+002
9.025000e+002
1006
1.015500e+003
9.305000e+002
758
515
224
-88
-392
-659
-865
-990
-1.022500e+003
-9.595000e+002
-807
-5.795000e+002
-2.975000e+002
1.250000e+001
321
5.995000e+002
822
9.675000e+002
1023
983
851
6.395000e+002
368
6.250000e+001
-249
-537
-7.755000e+002
-941
-1019
-1.001500e+003
-891
-697
-438
-138
1.745000e+002
471
7.235000e+002
908
1008
1014
925
7.495000e+002
504
2.115000e+002
-1.005000e+002
-4.035000e+002
-669
-8.715000e+002
-993
-1022
-955
-7.995000e+002
-569
-2.855000e+002
25
3.325000e+002
6.095000e+002
8.295000e+002
9.715000e+002
1023
979
8.435000e+002
6.295000e+002
3.565000e+002
50
-261
-548
-7.835000e+002
-946
-1020
-999
-8.845000e+002
-6.875000e+002
-4.265000e+002
-1.255000e+002
187
482
7.325000e+002
914
1.010500e+003
1012
9.195000e+002
741
4.935000e+002
1.995000e+002
-113
-415
-678
-878
-996
-1021
-9.505000e+002
-7.915000e+002
-5.585000e+002
-273
3.750000e+001
3.445000e+002
6.195000e+002
8.365000e+002
9.755000e+002
1.023500e+003
9.755000e+002
8.365000e+002
6.195000e+002
3.445000e+002
3.750000e+001
-273
-5.585000e+002
-7.915000e+002
-9.505000e+002
-1021
-996
-878
-678
-415
-113
1.995000e+002
4.935000e+002
741
9.195000e+002
1012
1.010500e+003
914
7.325000e+002
482
187
-1.255000e+002
-4.265000e+002
-6.875000e+002
-8.845000e+002
-999
-1020
-946
-7.835000e+002
-548
-261
50
3.565000e+002
6.295000e+002
8.435000e+002
979
1023
9.715000e+002
8.295000e+002
6.095000e+002
3.325000e+002
25
-2.855000e+002
-569
-7.995000e+002
-955
-1022
-993
-8.715000e+002
-669
-4.035000e+002
-1.005000e+002
2.115000e+002
504
7.495000e+002
925
1014
1008
908
7.235000e+002
471
1.745000e+002
-138
-438
-697
-891
-1.001500e+003
-1019
-941
-7.755000e+002
-537
-249
6.250000e+001
368
6.395000e+002
851
983
1023
9.675000e+002
822
5.995000e+002
321
1.250000e+001
-2.975000e+002
-5.795000e+002
-807
-9.595000e+002
-1.022500e+003
-990
-865
-659
-392
-88
224
515
758
9.305000e+002
1.015500e+003
1006
9.025000e+002
7.145000e+002
460
1.625000e+002
-1.505000e+002
-449
-706
-897
-1004
-1.017500e+003
-936
-767
-5.265000e+002
-2.365000e+002
75
380
649
8.575000e+002
986
1.022500e+003
9.635000e+002
8.145000e+002
589
309
-5.000000e-001
-3.095000e+002
-5.895000e+002
-815
-964
-1023
-9.865000e+002
-858
-6.495000e+002
-3.805000e+002
-7.550000e+001
236
526
7.665000e+002
9.355000e+002
1017
1.003500e+003
8.965000e+002
7.055000e+002
4.485000e+002
150
-163
-4.605000e+002
-715
-903
-1.006500e+003
-1016
-931
-7.585000e+002
-5.155000e+002
-2.245000e+002
8.750000e+001
3.915000e+002
6.585000e+002
8.645000e+002
9.895000e+002
1022
959
8.065000e+002
579
297
-13
-3.215000e+002
-600
-8.225000e+002
-968
-1.023500e+003
-9.835000e+002
-8.515000e+002
-640
-3.685000e+002
-63
2.485000e+002
5.365000e+002
775
9.405000e+002
1.018500e+003
1001
8.905000e+002
6.965000e+002
4.375000e+002
1.375000e+002
-175
-4.715000e+002
-724
-9.085000e+002
-1.008500e+003
-1.014500e+003
-9.255000e+002
-750
-5.045000e+002
-212
100
403
6.685000e+002
871
9.925000e+002
1.021500e+003
9.545000e+002
799
5.685000e+002
285
-2.550000e+001
-333
-610
-830
-972
-1.023500e+003
-9.795000e+002
-844
-630
-357
-5.050000e+001
2.605000e+002
5.475000e+002
783
9.455000e+002
1.019500e+003
9.985000e+002
884
687
426
125
-1.875000e+002
-4.825000e+002
-733
-9.145000e+002
-1011
-1.012500e+003
-920
-7.415000e+002
-494
-200
1.125000e+002
4.145000e+002
6.775000e+002
8.775000e+002
9.955000e+002
1.020500e+003
950
791
558
2.725000e+002
-38
-345
-620
-837
-976
-1.023500e+003
-976
-837
-620
-345
-38
2.725000e+002
558
791
950
1.020500e+003
9.955000e+002
8.775000e+002
6.775000e+002
4.145000e+002
1.125000e+002
-200
-494
-7.415000e+002
-920
-1.012500e+003
-1011
-9.145000e+002
-733
-4.825000e+002
-1.875000e+002
125
426
687
884
9.985000e+002
1.019500e+003
9.455000e+002
783
5.475000e+002
2.605000e+002
-5.050000e+001
-357
-630
-844
-9.795000e+002
-1.023500e+003
-972
-830
-610
-333
-2.550000e+001
285
5.685000e+002
799
9.545000e+002
1.021500e+003
9.925000e+002
871
6.685000e+002
403
100
-212
-5.045000e+002
-750
-9.255000e+002
-1.014500e+003
-1.008500e+003
-9.085000e+002
-724
-4.715000e+002
-175
1.375000e+002
4.375000e+002
6.965000e+002
8.905000e+002
1001
1.018500e+003
9.405000e+002
775
5.365000e+002
2.485000e+002
-63
-3.685000e+002
-640
-8.515000e+002
-9.835000e+002
-1.023500e+003
-968
-8.225000e+002
-600
-3.215000e+002
-13
297
579
8.065000e+002
959
1022
9.895000e+002
8.645000e+002
6.585000e+002
3.915000e+002
8.750000e+001
-2.245000e+002
-5.155000e+002
-7.585000e+002
-931
-1016
-1.006500e+003
-903
-715
-4.605000e+002
-163
150
4.485000e+002
7.055000e+002
8.965000e+002
1.003500e+003
1017
9.355000e+002
7.665000e+002
526
236
-7.550000e+001
-3.805000e+002
-6.495000e+002
-858
-9.865000e+002
-1023
-964
-815
-5.895000e+002
-3.095000e+002
-5.000000e-001
309
589
8.145000e+002
9.635000e+002
1.022500e+003
986
8.575000e+002
649
380
75
-2.365000e+002
-5.265000e+002
-767
-936
-1.017500e+003
-1004
-897
-706
-449
-1.505000e+002
1.625000e+002
460
7.145000e+002
9.025000e+002
1006
1.015500e+003
9.305000e+002
758
515
224
-88
-392
-659
-865
-990
-1.022500e+003
-9.595000e+002
-807
-5.795000e+002
-2.975000e+002
1.250000e+001
321
5.995000e+002
822
9.675000e+002
1023
983
851
6.395000e+002
368
6.250000e+001
-249
-537
-7.755000e+002
-941
-1019
-1.001500e+003
-891
-697
-438
-138
1.745000e+002
471
7.235000e+002
908
1008
1014
925
7.495000e+002
504
2.115000e+002
-1.005000e+002
-4.035000e+002
-669
-8.715000e+002
-993
-1022
-955
-7.995000e+002
-569
-2.855000e+002
25
3.325000e+002
6.095000e+002
8.295000e+002
9.715000e+002
1023
979
8.435000e+002
6.295000e+002
3.565000e+002
50
-261
-548
-7.835000e+002
-946
-1020
-999
-8.845000e+002
-6.875000e+002
-4.265000e+002
-1.255000e+002
187
482
7.325000e+002
914
1.010500e+003
1012
9.195000e+002
741
4.935000e+002
1.995000e+002
-113
-415
-678
-878
-996
-1021
-9.505000e+002
-7.915000e+002
-5.585000e+002
-273
3.750000e+001
3.445000e+002
6.195000e+002
8.365000e+002
9.755000e+002
1.023500e+003
9.755000e+002
8.365000e+002
6.195000e+002
3.445000e+002
3.750000e+001
-273
-5.585000e+002
-7.915000e+002
-9.505000e+002
-1021
-996
-878
-678
-415
-113
1.995000e+002
4.935000e+002
741
9.195000e+002
1012
1.010500e+003
914
7.325000e+002
482
187
-1.255000e+002
-4.265000e+002
-6.875000e+002
-8.845000e+002
-999
-1020
-946
-7.835000e+002
-548
-261
50
3.565000e+002
6.295000e+002
8.435000e+002
979
1023
9.715000e+002
8.295000e+002
6.095000e+002
3.325000e+002
25
-2.855000e+002
-569
-7.995000e+002
-955
-1022
-993
-8.715000e+002
-669
-4.035000e+002
-1.005000e+002
2.115000e+002
504
7.495000e+002
925
1014
1008
908
7.235000e+002
471
1.745000e+002
-138
-438
-697
-891
-1.001500e+003
-1019
-941
-7.755000e+002
-537
-249
6.250000e+001
368
6.395000e+002
851
983
1023
9.675000e+002
822
5.995000e+002
321
1.250000e+001
-2.975000e+002
-5.795000e+002
-807
-9.595000e+002
-1.022500e+003
-990
-865
-659
-392
-88
224
515
758
9.305000e+002
1.015500e+003
1006
9.025000e+002
7.145000e+002
460
1.625000e+002
-1.505000e+002
-449
-706
-897
-1004
-1.017500e+003
-936
-767
-5.265000e+002
-2.365000e+002
75
380
649
8.575000e+002
986
1.022500e+003
9.635000e+002
8.145000e+002
589
309
0
-3.095000e+002
-5.895000e+002
-815
-964
-1023
-9.865000e+002
-858
-6.495000e+002
-3.805000e+002
-7.550000e+001
236
526
7.665000e+002
9.355000e+002
1017
1.003500e+003
8.965000e+002
7.055000e+002
4.485000e+002
150
-163
-4.605000e+002
-715
-903
-1.006500e+003
-1016
-931
-7.585000e+002
-5.155000e+002
-2.245000e+002
8.750000e+001
3.915000e+002
6.585000e+002
8.645000e+002
9.895000e+002
1022
959
8.065000e+002
579
297
-13
-3.215000e+002
-600
-8.225000e+002
-968
-1.023500e+003
-9.835000e+002
-8.515000e+002
-640
-3.685000e+002
-63
2.485000e+002
5.365000e+002
775
9.405000e+002
1.018500e+003
1001
8.905000e+002
6.965000e+002
4.375000e+002
1.375000e+002
-175
-4.715000e+002
-724
-9.085000e+002
-1.008500e+003
-1.014500e+003
-9.255000e+002
-750
-5.045000e+002
-212
100
403
6.685000e+002
871
9.925000e+002
1.021500e+003
9.545000e+002
799
5.685000e+002
285
-2.550000e+001
-333
-610
-830
-972
-1.023500e+003
-9.795000e+002
-844
-630
-357
-5.050000e+001
2.605000e+002
5.475000e+002
783
9.455000e+002
1.019500e+003
9.985000e+002
884
687
426
125
-1.875000e+002
-4.825000e+002
-733
-9.145000e+002
-1011
-1.012500e+003
-920
-7.415000e+002
-494
-200
1.125000e+002
4.145000e+002
6.775000e+002
8.775000e+002
9.955000e+002
1.020500e+003
950
791
558
2.725000e+002
-38
-345
-620
-837
-976
-1.023500e+003
-976
-837
-620
-345
-38
2.725000e+002
558
791
950
1.020500e+003
9.955000e+002
8.775000e+002
6.775000e+002
4.145000e+002
1.125000e+002
-200
-494
-7.415000e+002
-920
-1.012500e+003
-1011
-9.145000e+002
-733
-4.825000e+002
-1.875000e+002
125
426
687
884
9.985000e+002
1.019500e+003
9.455000e+002
783
5.475000e+002
2.605000e+002
-5.050000e+001
-357
-630
-844
-9.795000e+002
-1.023500e+003
-972
-830
-610
-333
-2.550000e+001
285
5.685000e+002
799
9.545000e+002
1.021500e+003
9.925000e+002
871
6.685000e+002
403
100
-212
-5.045000e+002
-750
-9.255000e+002
-1.014500e+003
-1.008500e+003
-9.085000e+002
-724
-4.715000e+002
-175
1.375000e+002
4.375000e+002
6.965000e+002
8.905000e+002
1001
1.018500e+003
9.405000e+002
775
5.365000e+002
2.485000e+002
-63
-3.685000e+002
-640
-8.515000e+002
-9.835000e+002
-1.023500e+003
-968
-8.225000e+002
-600
-3.215000e+002
-13
297
579
8.065000e+002
959
1022
9.895000e+002
8.645000e+002
6.585000e+002
3.915000e+002
8.750000e+001
-2.245000e+002
-5.155000e+002
-7.585000e+002
-931
-1016
-1.006500e+003
-903
-715
-4.605000e+002
-163
150
4.485000e+002
7.055000e+002
8.965000e+002
1.003500e+003
1017
9.355000e+002
7.665000e+002
526
236
-7.550000e+001
-3.805000e+002
-6.495000e+002
-858
-9.865000e+002
-1023
-964
-815
-5.895000e+002
-3.095000e+002
-5.000000e-001
309
589
8.145000e+002
9.635000e+002
1.022500e+003
986
8.575000e+002
649
380
75
-2.365000e+002
-5.265000e+002
-767
-936
-1.017500e+003
-1004
-897
-706
-449
-1.505000e+002
1.625000e+002
460
7.145000e+002
9.025000e+002
1006
1.015500e+003
9.305000e+002
758
515
224
-88
-392
-659
-865
-990
-1.022500e+003
-9.595000e+002
-807
-5.795000e+002
-2.975000e+002
1.250000e+001
321
5.995000e+002
822
9.675000e+002
1023
983
851
6.395000e+002
368
6.250000e+001
-249
-537
-7.755000e+002
-941
-1019
-1.001500e+003
-891
-697
-438
-138
1.745000e+002
471
7.235000e+002
908
1008
1014
925
7.495000e+002
504
2.115000e+002
-1.005000e+002
-4.035000e+002
-669
-8.715000e+002
-993
-1022
-955
-7.995000e+002
-569
-2.855000e+002
25
3.325000e+002
6.095000e+002
8.295000e+002
9.715000e+002
1023
979
8.435000e+002
6.295000e+002
3.565000e+002
50
-261
-548
-7.835000e+002
-946
-1020
-999
-8.845000e+002
-6.875000e+002
-4.265000e+002
-1.255000e+002
187
482
7.325000e+002
914
1.010500e+003
1012
9.195000e+002
741
4.935000e+002
1.995000e+002
-113
-415
-678
-878
-996
-1021
-9.505000e+002
-7.915000e+002
-5.585000e+002
-273
3.750000e+001
3.445000e+002
6.195000e+002
8.365000e+002
9.755000e+002
1.023500e+003
9.755000e+002
8.365000e+002
6.195000e+002
3.445000e+002
3.750000e+001
-273
-5.585000e+002
-7.915000e+002
-9.505000e+002
-1021
-996
-878
-678
-415
-113
1.995000e+002
4.935000e+002
741
9.195000e+002
1012
1.010500e+003
914
7.325000e+002
482
187
-1.255000e+002
-4.265000e+002
-6.875000e+002
-8.845000e+002
-999
-1020
-946
-7.835000e+002
-548
-261
50
3.565000e+002
6.295000e+002
8.435000e+002
979
1023
9.715000e+002
8.295000e+002
6.095000e+002
3.325000e+002
25
-2.855000e+002
-569
-7.995000e+002
-955
-1022
-993
-8.715000e+002
-669
-4.035000e+002
-1.005000e+002
2.115000e+002
504
7.495000e+002
925
1014
1008
908
7.235000e+002
471
1.745000e+002
-138
-438
-697
-891
-1.001500e+003
-1019
-941
-7.755000e+002
-537
-249
6.250000e+001
368
6.395000e+002
851
983
1023
9.675000e+002
822
5.995000e+002
321
1.250000e+001
-2.975000e+002
-5.795000e+002
-807
-9.595000e+002
-1.022500e+003
-990
-865
-659
-392
-88
224
515
758
9.305000e+002
1.015500e+003
1006
9.025000e+002
7.145000e+002
460
1.625000e+002
-1.505000e+002
-449
-706
-897
-1004
-1.017500e+003
-936
-767
-5.265000e+002
-2.365000e+002
75
380
649
8.575000e+002
986
1.022500e+003
9.635000e+002
8.145000e+002
589
309
-5.000000e-001
-3.095000e+002
-5.895000e+002
-815
-964
-1023
-9.865000e+002
-858
-6.495000e+002
-3.805000e+002
-7.550000e+001
236
526
7.665000e+002
9.355000e+002
1017
1.003500e+003
8.965000e+002
7.055000e+002
4.485000e+002
150
-163
-4.605000e+002
-715
-903
-1.006500e+003
-1016
-931
-7.585000e+002
-5.155000e+002
-2.245000e+002
8.750000e+001
3.915000e+002
6.585000e+002
8.645000e+002
9.895000e+002
1022
959
8.065000e+002
579
297
-13
-3.215000e+002
-600
-8.225000e+002
-968
-1.023500e+003
-9.835000e+002
-8.515000e+002
-640
-3.685000e+002
-63
2.485000e+002
5.365000e+002
775
9.405000e+002
1.018500e+003
1001
8.905000e+002
6.965000e+002
4.375000e+002
1.375000e+002
-175
-4.715000e+002
-724
-9.085000e+002
-1.008500e+003
-1.014500e+003
-9.255000e+002
-750
-5.045000e+002
-212
100
403
6.685000e+002
871
9.925000e+002
1.021500e+003
9.545000e+002
799
5.685000e+002
285
-2.550000e+001
-333
-610
-830
-972
-1.023500e+003
-9.795000e+002
-844
-630
-357
-5.050000e+001
2.605000e+002
5.475000e+002
783
9.455000e+002
1.019500e+003
9.985000e+002
884
687
426
125
-1.875000e+002
-4.825000e+002
-733
-9.145000e+002
-1011
-1.012500e+003
-920
-7.415000e+002
-494
-200
1.125000e+002
4.145000e+002
6.775000e+002
8.775000e+002
9.955000e+002
1.020500e+003
950
791
558
2.725000e+002
-38
-345
-620
-837
-976
-1.023500e+003
-976
-837
-620
-345
-38
2.725000e+002
558
791
950
1.020500e+003
9.955000e+002
8.775000e+002
6.775000e+002
4.145000e+002
1.125000e+002
-200
-494
-7.415000e+002
-920
-1.012500e+003
-1011
-9.145000e+002
-733
-4.825000e+002
-1.875000e+002
125
426
687
884
9.985000e+002
1.019500e+003
9.455000e+002
783
5.475000e+002
2.605000e+002
-5.050000e+001
-357
-630
-844
-9.795000e+002
-1.023500e+003
-972
-830
-610
-333
-2.550000e+001
285
5.685000e+002
799
9.545000e+002
1.021500e+003
9.925000e+002
871
6.685000e+002
403
100
-212
-5.045000e+002
-750
-9.255000e+002
-1.014500e+003
-1.008500e+003
-9.085000e+002
-724
-4.715000e+002
-175
1.375000e+002
4.375000e+002
6.965000e+002
8.905000e+002
1001
1.018500e+003
9.405000e+002
775
5.365000e+002
2.485000e+002
-63
-3.685000e+002
-640
-8.515000e+002
-9.835000e+002
-1.023500e+003
-968
-8.225000e+002
-600
-3.215000e+002
-13
297
579
8.065000e+002
959
1022
9.895000e+002
8.645000e+002
6.585000e+002
3.915000e+002
8.750000e+001
-2.245000e+002
-5.155000e+002
-7.585000e+002
-931
-1016
-1.006500e+003
-903
-715
-4.605000e+002
-163
150
4.485000e+002
7.055000e+002
8.965000e+002
1.003500e+003
1017
9.355000e+002
7.665000e+002
526
236
-7.550000e+001
-3.805000e+002
-6.495000e+002
-858
-9.865000e+002
-1023
-964
-815
-5.895000e+002
-3.095000e+002
-5.000000e-001
309
589
8.145000e+002
9.635000e+002
1.022500e+003
986
8.575000e+002
649
380
75
-2.365000e+002
-5.265000e+002
-767
-936
-1.017500e+003
-1004
-897
-706
-449
-1.505000e+002
1.625000e+002
460
7.145000e+002
9.025000e+002
1006
1.015500e+003
9.305000e+002
758
515
224
-88
-392
-659
-865
-990
-1.022500e+003
-9.595000e+002
-807
-5.795000e+002
-2.975000e+002
1.250000e+001
321
5.995000e+002
822
9.675000e+002
1023
983
851
6.395000e+002
368
6.250000e+001
-249
-537
-7.755000e+002
-941
-1019
-1.001500e+003
-891
-697
-438
-138
1.745000e+002
471
7.235000e+002
908
1008
1014
925
7.495000e+002
504
2.115000e+002
-1.005000e+002
-4.035000e+002
-669
-8.715000e+002
-993
-1022
-955
-7.995000e+002
-569
-2.855000e+002
25
3.325000e+002
6.095000e+002
8.295000e+002
9.715000e+002
1023
979
8.435000e+002
6.295000e+002
3.565000e+002
50
-261
-548
-7.835000e+002
-946
-1020
-999
-8.845000e+002
-6.875000e+002
-4.265000e+002
-1.255000e+002
187
482
7.325000e+002
914
1.010500e+003
1012
9.195000e+002
741
4.935000e+002
1.995000e+002
-113
-415
-678
-878
-996
-1021
-9.505000e+002
-7.915000e+002
-5.585000e+002
-273
3.750000e+001
3.445000e+002
6.195000e+002
8.365000e+002
9.755000e+002
1.023500e+003
9.755000e+002
8.365000e+002
6.195000e+002
3.445000e+002
3.750000e+001
-273
-5.585000e+002
-7.915000e+002
-9.505000e+002
-1021
-996
-878
-678
-415
-113
1.995000e+002
4.935000e+002
741
9.195000e+002
1012
1.010500e+003
914
7.325000e+002
482
187
-1.255000e+002
-4.265000e+002
-6.875000e+002
-8.845000e+002
-999
-1020
-946
-7.835000e+002
-548
-261
50
3.565000e+002
6.295000e+002
8.435000e+002
979
1023
9.715000e+002
8.295000e+002
6.095000e+002
3.325000e+002
25
-2.855000e+002
-569
-7.995000e+002
-955
-1022
-993
-8.715000e+002
-669
-4.035000e+002
-1.005000e+002
2.115000e+002
504
7.495000e+002
925
1014
1008
908
7.235000e+002
471
1.745000e+002
-138
-438
-697
-891
-1.001500e+003
-1019
-941
-7.755000e+002
-537
-249
6.250000e+001
368
6.395000e+002
851
983
1023
9.675000e+002
822
5.995000e+002
321
1.250000e+001
-2.975000e+002
-5.795000e+002
-807
-9.595000e+002
-1.022500e+003
-990
-865
-659
-392
-88
224
515
758
9.305000e+002
1.015500e+003
1006
9.025000e+002
7.145000e+002
460
1.625000e+002
-1.505000e+002
-449
-706
-897
-1004
-1.017500e+003
-936
-767
-5.265000e+002
-2.365000e+002
75
380
649
8.575000e+002
986
1.022500e+003
9.635000e+002
8.145000e+002
589
309
0
-3.095000e+002
-5.895000e+002
-815
-964
-1023
-9.865000e+002
-858
-6.495000e+002
-3.805000e+002
-7.550000e+001
236
526
7.665000e+002
9.355000e+002
1017
1.003500e+003
8.965000e+002
7.055000e+002
4.485000e+002
150
-163
-4.605000e+002
-715
-903
-1.006500e+003
-1016
-931
-7.585000e+002
-5.155000e+002
-2.245000e+002
8.750000e+001
3.915000e+002
6.585000e+002
8.645000e+002
9.895000e+002
1022
959
8.065000e+002
579
297
-13
-3.215000e+002
-600
-8.225000e+002
-968
-1.023500e+003
-9.835000e+002
-8.515000e+002
-640
-3.685000e+002
-63
2.485000e+002
5.365000e+002
775
9.405000e+002
1.018500e+003
1001
8.905000e+002
6.965000e+002
4.375000e+002
1.375000e+002
-175
-4.715000e+002
-724
-9.085000e+002
-1.008500e+003
-1.014500e+003
-9.255000e+002
-750
-5.045000e+002
-212
100
403
6.685000e+002
871
9.925000e+002
1.021500e+003
9.545000e+002
799
5.685000e+002
285
-2.550000e+001
-333
-610
-830
-972
-1.023500e+003
-9.795000e+002
-844
-630
-357
-5.050000e+001
2.605000e+002
5.475000e+002
783
9.455000e+002
1.019500e+003
9.985000e+002
884
687
426
125
-1.875000e+002
-4.825000e+002
-733
-9.145000e+002
-1011
-1.012500e+003
-920
-7.415000e+002
-494
-200
1.125000e+002
4.145000e+002
6.775000e+002
8.775000e+002
9.955000e+002
1.020500e+003
950
791
558
2.725000e+002
-38
-345
-620
-837
-976
-1.023500e+003
-976
-837
-620
-345
-38
2.725000e+002
558
791
950
1.020500e+003
9.955000e+002
8.775000e+002
6.775000e+002
4.145000e+002
1.125000e+002
-200
-494
-7.415000e+002
-920
-1.012500e+003
-1011
-9.145000e+002
-733
-4.825000e+002
-1.875000e+002
125
426
687
884
9.985000e+002
1.019500e+003
9.455000e+002
783
5.475000e+002
2.605000e+002
-5.050000e+001
-357
-630
-844
-9.795000e+002
-1.023500e+003
-972
-830
-610
-333
-2.550000e+001
285
5.685000e+002
799
9.545000e+002
1.021500e+003
9.925000e+002
871
6.685000e+002
403
100
-212
-5.045000e+002
-750
-9.255000e+002
-1.014500e+003
-1.008500e+003
-9.085000e+002
-724
-4.715000e+002
-175
1.375000e+002
4.375000e+002
6.965000e+002
8.905000e+002
1001
1.018500e+003
9.405000e+002
775
5.365000e+002
2.485000e+002
-63
-3.685000e+002
-640
-8.515000e+002
-9.835000e+002
-1.023500e+003
-968
-8.225000e+002
-600
-3.215000e+002
-13
297
579
8.065000e+002
959
1022
9.895000e+002
8.645000e+002
6.585000e+002
3.915000e+002
8.750000e+001
-2.245000e+002
-5.155000e+002
-7.585000e+002
-931
-1016
-1.006500e+003
-903
-715
-4.605000e+002
-163
150
4.485000e+002
7.055000e+002
8.965000e+002
1.003500e+003
1017
9.355000e+002
7.665000e+002
526
236
-7.550000e+001
-3.805000e+002
-6.495000e+002
-858
-9.865000e+002
-1023
-964
-815
-5.895000e+002
-3.095000e+002
-5.000000e-001
309
589
8.145000e+002
9.635000e+002
1.022500e+003
986
8.575000e+002
649
380
75
-2.365000e+002
-5.265000e+002
-767
-936
-1.017500e+003
-1004
-897
-706
-449
-1.505000e+002
1.625000e+002
460
7.145000e+002
9.025000e+002
1006
1.015500e+003
9.305000e+002
758
515
224
-88
-392
-659
-865
-990
-1.022500e+003
-9.595000e+002
-807
-5.795000e+002
-2.975000e+002
1.250000e+001
321
5.995000e+002
822
9.675000e+002
1023
983
851
6.395000e+002
368
6.250000e+001
-249
-537
-7.755000e+002
-941
-1019
-1.001500e+003
-891
-697
-438
-138
1.745000e+002
471
7.235000e+002
908
1008
1014
925
7.495000e+002
504
2.115000e+002
-1.005000e+002
-4.035000e+002
-669
-8.715000e+002
-993
-1022
-955
-7.995000e+002
-569
-2.855000e+002
25
3.325000e+002
6.095000e+002
8.295000e+002
9.715000e+002
1023
979
8.435000e+002
6.295000e+002
3.565000e+002
50
-261
-548
-7.835000e+002
-946
-1020
-999
-8.845000e+002
-6.875000e+002
-4.265000e+002
-1.255000e+002
187
482
7.325000e+002
914
1.010500e+003
1012
9.195000e+002
741
4.935000e+002
1.995000e+002
-113
-415
-678
-878
-996
-1021
-9.505000e+002
-7.915000e+002
-5.585000e+002
-273
3.750000e+001
3.445000e+002
6.195000e+002
8.365000e+002
9.755000e+002
1.023500e+003
9.755000e+002
8.365000e+002
6.195000e+002
3.445000e+002
3.750000e+001
-273
-5.585000e+002
-7.915000e+002
-9.505000e+002
-1021
-996
-878
-678
-415
-113
1.995000e+002
4.935000e+002
741
9.195000e+002
1012
1.010500e+003
914
7.325000e+002
482
187
-1.255000e+002
-4.265000e+002
-6.875000e+002
-8.845000e+002
-999
-1020
-946
-7.835000e+002
-548
-261
50
3.565000e+002
6.295000e+002
8.435000e+002
979
1023
9.715000e+002
8.295000e+002
6.095000e+002
3.325000e+002
25
-2.855000e+002
-569
-7.995000e+002
-955
-1022
-993
-8.715000e+002
-669
-4.035000e+002
-1.005000e+002
2.115000e+002
504
7.495000e+002
925
1014
1008
908
7.235000e+002
471
1.745000e+002
-138
-438
-697
-891
-1.001500e+003
-1019
-941
-7.755000e+002
-537
-249
6.250000e+001
368
6.395000e+002
851
983
1023
9.675000e+002
822
5.995000e+002
321
1.250000e+001
-2.975000e+002
-5.795000e+002
-807
-9.595000e+002
-1.022500e+003
-990
-865
-659
-392
-88
224
515
758
9.305000e+002
1.015500e+003
1006
9.025000e+002
7.145000e+002
460
1.625000e+002
-1.505000e+002
-449
-706
-897
-1004
-1.017500e+003
-936
-767
-5.265000e+002
-2.365000e+002
75
380
649
8.575000e+002
986
1.022500e+003
9.635000e+002
8.145000e+002
589
309
0
-3.095000e+002
-5.895000e+002
-815
-964
-1023
-9.865000e+002
-858
-6.495000e+002
-3.805000e+002
-7.550000e+001
236
526
7.665000e+002
9.355000e+002
1017
1.003500e+003
8.965000e+002
7.055000e+002
4.485000e+002
150
-163
-4.605000e+002
-715
-903
-1.006500e+003
-1016
-931
-7.585000e+002
-5.155000e+002
-2.245000e+002
8.750000e+001
3.915000e+002
6.585000e+002
8.645000e+002
9.895000e+002
1022
959
8.065000e+002
579
297
-13
-3.215000e+002
-600
-8.225000e+002
-968
-1.023500e+003
-9.835000e+002
-8.515000e+002
-640
-3.685000e+002
-63
2.485000e+002
5.365000e+002
775
9.405000e+002
1.018500e+003
1001
8.905000e+002
6.965000e+002
4.375000e+002
1.375000e+002
-175
-4.715000e+002
-724
-9.085000e+002
-1.008500e+003
-1.014500e+003
-9.255000e+002
-750
-5.045000e+002
-212
100
403
6.685000e+002
871
9.925000e+002
1.021500e+003
9.545000e+002
799
5.685000e+002
285
-2.550000e+001
-333
-610
-830
-972
-1.023500e+003
-9.795000e+002
-844
-630
-357
-5.050000e+001
2.605000e+002
5.475000e+002
783
9.455000e+002
1.019500e+003
9.985000e+002
884
687
426
125
-1.875000e+002
-4.825000e+002
-733
-9.145000e+002
-1011
-1.012500e+003
-920
-7.415000e+002
-494
-200
1.125000e+002
4.145000e+002
6.775000e+002
8.775000e+002
9.955000e+002
1.020500e+003
950
791
558
2.725000e+002
-38
-345
-620
-837
-976
-1.023500e+003
-976
-837
-620
-345
-38
2.725000e+002
558
791
950
1.020500e+003
9.955000e+002
8.775000e+002
6.775000e+002
4.145000e+002
1.125000e+002
-200
-494
-7.415000e+002
-920
-1.012500e+003
-1011
-9.145000e+002
-733
-4.825000e+002
-1.875000e+002
125
426
687
884
9.985000e+002
1.019500e+003
9.455000e+002
783
5.475000e+002
2.605000e+002
-5.050000e+001
-357
-630
-844
-9.795000e+002
-1.023500e+003
-972
-830
-610
-333
-2.550000e+001
285
5.685000e+002
799
9.545000e+002
1.021500e+003
9.925000e+002
871
6.685000e+002
403
100
-212
-5.045000e+002
-750
-9.255000e+002
-1.014500e+003
-1.008500e+003
-9.085000e+002
-724
-4.715000e+002
-175
1.375000e+002
4.375000e+002
6.965000e+002
8.905000e+002
1001
1.018500e+003
9.405000e+002
775
5.365000e+002
2.485000e+002
-63
-3.685000e+002
-640
-8.515000e+002
-9.835000e+002
-1.023500e+003
-968
-8.225000e+002
-600
-3.215000e+002
-13
297
579
8.065000e+002
959
1022
9.895000e+002
8.645000e+002
6.585000e+002
3.915000e+002
8.750000e+001
-2.245000e+002
-5.155000e+002
-7.585000e+002
-931
-1016
-1.006500e+003
-903
-715
-4.605000e+002
-163
150
4.485000e+002
7.055000e+002
8.965000e+002
1.003500e+003
1017
9.355000e+002
7.665000e+002
526
236
-7.550000e+001
-3.805000e+002
-6.495000e+002
-858
-9.865000e+002
-1023
-964
-815
-5.895000e+002
-3.095000e+002
0
309
589
8.145000e+002
9.635000e+002
1.022500e+003
986
8.575000e+002
649
380
75
-2.365000e+002
-5.265000e+002
-767
-936
-1.017500e+003
-1004
-897
-706
-449
-1.505000e+002
1.625000e+002
460
7.145000e+002
9.025000e+002
1006
1.015500e+003
9.305000e+002
758
515
224
-88
-392
-659
-865
-990
-1.022500e+003
-9.595000e+002
-807
-5.795000e+002
-2.975000e+002
1.250000e+001
321
5.995000e+002
822
9.675000e+002
1023
983
851
6.395000e+002
368
6.250000e+001
-249
-537
-7.755000e+002
-941
-1019
-1.001500e+003
-891
-697
-438
-138
1.745000e+002
471
7.235000e+002
908
1008
1014
925
7.495000e+002
504
2.115000e+002
-1.005000e+002
-4.035000e+002
-669
-8.715000e+002
-993
-1022
-955
-7.995000e+002
-569
-2.855000e+002
25
3.325000e+002
6.095000e+002
8.295000e+002
9.715000e+002
1023
979
8.435000e+002
6.295000e+002
3.565000e+002
50
-261
-548
-7.835000e+002
-946
-1020
-999
-8.845000e+002
-6.875000e+002
-4.265000e+002
-1.255000e+002
187
482
7.325000e+002
914
1.010500e+003
1012
9.195000e+002
741
4.935000e+002
1.995000e+002
-113
-415
-678
-878
-996
-1021
-9.505000e+002
-7.915000e+002
-5.585000e+002
-273
3.750000e+001
3.445000e+002
6.195000e+002
8.365000e+002
9.755000e+002
1.023500e+003
9.755000e+002
8.365000e+002
6.195000e+002
3.445000e+002
3.750000e+001
-273
-5.585000e+002
-7.915000e+002
-9.505000e+002
-1021
-996
-878
-678
-415
-113
1.995000e+002
4.935000e+002
741
9.195000e+002
1012
1.010500e+003
914
7.325000e+002
482
187
-1.255000e+002
-4.265000e+002
-6.875000e+002
-8.845000e+002
-999
-1020
-946
-7.835000e+002
-548
-261
50
3.565000e+002
6.295000e+002
8.435000e+002
979
1023
9.715000e+002
8.295000e+002
6.095000e+002
3.325000e+002
25
-2.855000e+002
-569
-7.995000e+002
-955
-1022
-993
-8.715000e+002
-669
-4.035000e+002
-1.005000e+002
2.115000e+002
504
7.495000e+002
925
1014
1008
908
7.235000e+002
471
1.745000e+002
-138
-438
-697
-891
-1.001500e+003
-1019
-941
-7.755000e+002
-537
-249
6.250000e+001
368
6.395000e+002
851
983
1023
9.675000e+002
822
5.995000e+002
321
1.250000e+001
-2.975000e+002
-5.795000e+002
-807
-9.595000e+002
-1.022500e+003
-990
-865
-659
-392
-88
224
515
758
9.305000e+002
1.015500e+003
1006
9.025000e+002
7.145000e+002
460
1.625000e+002
-1.505000e+002
-449
-706
-897
-1004
-1.017500e+003
-936
-767
-5.265000e+002
-2.365000e+002
75
380
649
8.575000e+002
986
1.022500e+003
9.635000e+002
8.145000e+002
589
309
0
-3.095000e+002
-5.895000e+002
-815
-964
-1023
-9.865000e+002
-858
-6.495000e+002
-3.805000e+002
-7.550000e+001
236
526
7.665000e+002
9.355000e+002
1017
1.003500e+003
8.965000e+002
7.055000e+002
4.485000e+002
150
-163
-4.605000e+002
-715
-903
-1.006500e+003
-1016
-931
-7.585000e+002
-5.155000e+002
-2.245000e+002
8.750000e+001
3.915000e+002
6.585000e+002
8.645000e+002
9.895000e+002
1022
959
8.065000e+002
579
297
-13
-3.215000e+002
-600
-8.225000e+002
-968
-1.023500e+003
-9.835000e+002
-8.515000e+002
-640
-3.685000e+002
-63
2.485000e+002
5.365000e+002
775
9.405000e+002
1.018500e+003
1001
8.905000e+002
6.965000e+002
4.375000e+002
1.375000e+002
-175
-4.715000e+002
-724
-9.085000e+002
-1.008500e+003
-1.014500e+003
-9.255000e+002
-750
-5.045000e+002
-212
100
403
6.685000e+002
871
9.925000e+002
1.021500e+003
9.545000e+002
799
5.685000e+002
285
-2.550000e+001
-333
-610
-830
-972
-1.023500e+003
-9.795000e+002
-844
-630
-357
-5.050000e+001
2.605000e+002
5.475000e+002
783
9.455000e+002
1.019500e+003
9.985000e+002
884
687
426
125
-1.875000e+002
-4.825000e+002
-733
-9.145000e+002
-1011
-1.012500e+003
-920
-7.415000e+002
-494
-200
1.125000e+002
4.145000e+002
6.775000e+002
8.775000e+002
9.955000e+002
1.020500e+003
950
791
558
2.725000e+002
-38
-345
-620
-837
-976
-1.023500e+003
-976
-837
-620
-345
-38
2.725000e+002
558
791
950
1.020500e+003
9.955000e+002
8.775000e+002
6.775000e+002
4.145000e+002
1.125000e+002
-200
-494
-7.415000e+002
-920
-1.012500e+003
-1011
-9.145000e+002
-733
-4.825000e+002
-1.875000e+002
125
426
687
884
9.985000e+002
1.019500e+003
9.455000e+002
783
5.475000e+002
2.605000e+002
-5.050000e+001
-357
-630
-844
-9.795000e+002
-1.023500e+003
-972
-830
-610
-333
-2.550000e+001
285
5.685000e+002
799
9.545000e+002
1.021500e+003
9.925000e+002
871
6.685000e+002
403
100
-212
-5.045000e+002
-750
-9.255000e+002
-1.014500e+003
-1.008500e+003
-9.085000e+002
-724
-4.715000e+002
-175
1.375000e+002
4.375000e+002
6.965000e+002
8.905000e+002
1001
1.018500e+003
9.405000e+002
775
5.365000e+002
2.485000e+002
-63
-3.685000e+002
-640
-8.515000e+002
-9.835000e+002
-1.023500e+003
-968
-8.225000e+002
-600
-3.215000e+002
-13
297
579
8.065000e+002
959
1022
9.895000e+002
8.645000e+002
6.585000e+002
3.915000e+002
8.750000e+001
-2.245000e+002
-5.155000e+002
-7.585000e+002
-931
-1016
-1.006500e+003
-903
-715
-4.605000e+002
-163
150
4.485000e+002
7.055000e+002
8.965000e+002
1.003500e+003
1017
9.355000e+002
7.665000e+002
526
236
-7.550000e+001
-3.805000e+002
-6.495000e+002
-858
-9.865000e+002
-1023
-964
-815
-5.895000e+002
-3.095000e+002
-5.000000e-001
309
589
8.145000e+002
9.635000e+002
1.022500e+003
986
8.575000e+002
649
380
75
-2.365000e+002
-5.265000e+002
-767
-936
-1.017500e+003
-1004
-897
-706
-449
-1.505000e+002
1.625000e+002
460
7.145000e+002
9.025000e+002
1006
1.015500e+003
9.305000e+002
758
515
224
-88
-392
-659
-865
-990
-1.022500e+003
-9.595000e+002
-807
-5.795000e+002
-2.975000e+002
1.250000e+001
321
5.995000e+002
822
9.675000e+002
1023
983
851
6.395000e+002
368
6.250000e+001
-249
-537
-7.755000e+002
-941
-1019
-1.001500e+003
-891
-697
-438
-138
1.745000e+002
471
7.235000e+002
908
1008
1014
925
7.495000e+002
504
2.115000e+002
-1.005000e+002
-4.035000e+002
-669
-8.715000e+002
-993
-1022
-955
-7.995000e+002
-569
-2.855000e+002
25
3.325000e+002
6.095000e+002
8.295000e+002
9.715000e+002
1023
979
8.435000e+002
6.295000e+002
3.565000e+002
50
-261
-548
-7.835000e+002
-946
-1020
-999
-8.845000e+002
-6.875000e+002
-4.265000e+002
-1.255000e+002
187
482
7.325000e+002
914
1.010500e+003
1012
9.195000e+002
741
4.935000e+002
1.995000e+002
-113
-415
-678
-878
-996
-1021
-9.505000e+002
-7.915000e+002
-5.585000e+002
-273
3.750000e+001
3.445000e+002
6.195000e+002
8.365000e+002
9.755000e+002
1.023500e+003
9.755000e+002
8.365000e+002
6.195000e+002
3.445000e+002
3.750000e+001
-273
-5.585000e+002
-7.915000e+002
-9.505000e+002
-1021
-996
-878
-678
-415
-113
1.995000e+002
4.935000e+002
741
9.195000e+002
1012
1.010500e+003
914
7.325000e+002
482
187
-1.255000e+002
-4.265000e+002
-6.875000e+002
-8.845000e+002
-999
-1020
-946
-7.835000e+002
-548
-261
50
3.565000e+002
6.295000e+002
8.435000e+002
979
1023
9.715000e+002
8.295000e+002
6.095000e+002
3.325000e+002
25
-2.855000e+002
-569
-7.995000e+002
-955
-1022
-993
-8.715000e+002
-669
-4.035000e+002
-1.005000e+002
2.115000e+002
504
7.495000e+002
925
1014
1008
908
7.235000e+002
471
1.745000e+002
-138
-438
-697
-891
-1.001500e+003
-1019
-941
-7.755000e+002
-537
-249
6.250000e+001
368
6.395000e+002
851
983
1023
9.675000e+002
822
5.995000e+002
321
1.250000e+001
-2.975000e+002
-5.795000e+002
-807
-9.595000e+002
-1.022500e+003
-990
-865
-659
-392
-88
224
515
758
9.305000e+002
1.015500e+003
1006
9.025000e+002
7.145000e+002
460
1.625000e+002
-1.505000e+002
-449
-706
-897
-1004
-1.017500e+003
-936
-767
-5.265000e+002
-2.365000e+002
75
380
649
8.575000e+002
986
1.022500e+003
9.635000e+002
8.145000e+002
589
309
0
-3.095000e+002
-5.895000e+002
-815
-964
-1023
-9.865000e+002
-858
-6.495000e+002
-3.805000e+002
-7.550000e+001
236
526
7.665000e+002
9.355000e+002
1017
1.003500e+003
8.965000e+002
7.055000e+002
4.485000e+002
150
-163
-4.605000e+002
-715
-903
-1.006500e+003
-1016
-931
-7.585000e+002
-5.155000e+002
-2.245000e+002
8.750000e+001
3.915000e+002
6.585000e+002
8.645000e+002
9.895000e+002
1022
959
8.065000e+002
579
297
-13
-3.215000e+002
-600
-8.225000e+002
-968
-1.023500e+003
-9.835000e+002
-8.515000e+002
-640
-3.685000e+002
-63
2.485000e+002
5.365000e+002
775
9.405000e+002
1.018500e+003
1001
8.905000e+002
6.965000e+002
4.375000e+002
1.375000e+002
-175
-4.715000e+002
-724
-9.085000e+002
-1.008500e+003
-1.014500e+003
-9.255000e+002
-750
-5.045000e+002
-212
100
403
6.685000e+002
871
9.925000e+002
1.021500e+003
9.545000e+002
799
5.685000e+002
285
-2.550000e+001
-333
-610
-830
-972
-1.023500e+003
-9.795000e+002
-844
-630
-357
-5.050000e+001
2.605000e+002
5.475000e+002
783
9.455000e+002
1.019500e+003
9.985000e+002
884
687
426
125
-1.875000e+002
-4.825000e+002
-733
-9.145000e+002
-1011
-1.012500e+003
-920
-7.415000e+002
-494
-200
1.125000e+002
4.145000e+002
6.775000e+002
8.775000e+002
9.955000e+002
1.020500e+003
950
791
558
2.725000e+002
-38
-345
-620
-837
-976
-1.023500e+003
-976
-837
-620
-345
-38
2.725000e+002
558
791
950
1.020500e+003
9.955000e+002
8.775000e+002
6.775000e+002
4.145000e+002
1.125000e+002
-200
-494
-7.415000e+002
-920
-1.012500e+003
-1011
-9.145000e+002
-733
-4.825000e+002
-1.875000e+002
125
426
687
884
9.985000e+002
1.019500e+003
9.455000e+002
783
5.475000e+002
2.605000e+002
-5.050000e+001
-357
-630
-844
-9.795000e+002
-1.023500e+003
-972
-830
-610
-333
-2.550000e+001
285
5.685000e+002
799
9.545000e+002
1.021500e+003
9.925000e+002
871
6.685000e+002
403
100
-212
-5.045000e+002
-750
-9.255000e+002
-1.014500e+003
-1.008500e+003
-9.085000e+002
-724
-4.715000e+002
-175
1.375000e+002
4.375000e+002
6.965000e+002
8.905000e+002
1001
1.018500e+003
9.405000e+002
775
5.365000e+002
2.485000e+002
-63
-3.685000e+002
-640
-8.515000e+002
-9.835000e+002
-1.023500e+003
-968
-8.225000e+002
-600
-3.215000e+002
-13
297
579
8.065000e+002
959
1022
9.895000e+002
8.645000e+002
6.585000e+002
3.915000e+002
8.750000e+001
-2.245000e+002
-5.155000e+002
-7.585000e+002
-931
-1016
-1.006500e+003
-903
-715
-4.605000e+002
-163
150
4.485000e+002
7.055000e+002
8.965000e+002
1.003500e+003
1017
9.355000e+002
7.665000e+002
526
236
-7.550000e+001
-3.805000e+002
-6.495000e+002
-858
-9.865000e+002
-1023
-964
-815
-5.895000e+002
-3.095000e+002
-5.000000e-001
309
589
8.145000e+002
9.635000e+002
1.022500e+003
986
8.575000e+002
649
380
75
-2.365000e+002
-5.265000e+002
-767
-936
-1.017500e+003
-1004
-897
-706
-449
-1.505000e+002
1.625000e+002
460
7.145000e+002
9.025000e+002
1006
1.015500e+003
9.305000e+002
758
515
224
-88
-392
-659
-865
-990
-1.022500e+003
-9.595000e+002
-807
-5.795000e+002
-2.975000e+002
1.250000e+001
321
5.995000e+002
822
9.675000e+002
1023
983
851
6.395000e+002
368
6.250000e+001
-249
-537
-7.755000e+002
-941
-1019
-1.001500e+003
-891
-697
-438
-138
1.745000e+002
471
7.235000e+002
908
1008
1014
925
7.495000e+002
504
2.115000e+002
-1.005000e+002
-4.035000e+002
-669
-8.715000e+002
-993
-1022
-955
-7.995000e+002
-569
-2.855000e+002
25
3.325000e+002
6.095000e+002
8.295000e+002
9.715000e+002
1023
979
8.435000e+002
6.295000e+002
3.565000e+002
50
-261
-548
-7.835000e+002
-946
-1020
-999
-8.845000e+002
-6.875000e+002
-4.265000e+002
-1.255000e+002
187
482
7.325000e+002
914
1.010500e+003
1012
9.195000e+002
741
4.935000e+002
1.995000e+002
-113
-415
-678
-878
-996
-1021
-9.505000e+002
-7.915000e+002
-5.585000e+002
-273
3.750000e+001
3.445000e+002
6.195000e+002
8.365000e+002
9.755000e+002
1.023500e+003
9.755000e+002
8.365000e+002
6.195000e+002
3.445000e+002
3.750000e+001
-273
-5.585000e+002
-7.915000e+002
-9.505000e+002
-1021
-996
-878
-678
-415
-113
1.995000e+002
4.935000e+002
741
9.195000e+002
1012
1.010500e+003
914
7.325000e+002
482
187
-1.255000e+002
-4.265000e+002
-6.875000e+002
-8.845000e+002
-999
-1020
-946
-7.835000e+002
-548
-261
50
3.565000e+002
6.295000e+002
8.435000e+002
979
1023
9.715000e+002
8.295000e+002
6.095000e+002
3.325000e+002
25
-2.855000e+002
-569
-7.995000e+002
-955
-1022
-993
-8.715000e+002
-669
-4.035000e+002
-1.005000e+002
2.115000e+002
504
7.495000e+002
925
1014
1008
908
7.235000e+002
471
1.745000e+002
-138
-438
-697
-891
-1.001500e+003
-1019
-941
-7.755000e+002
-537
-249
6.250000e+001
368
6.395000e+002
851
983
1023
9.675000e+002
822
5.995000e+002
321
1.250000e+001
-2.975000e+002
-5.795000e+002
-807
-9.595000e+002
-1.022500e+003
-990
-865
-659
-392
-88
224
515
758
9.305000e+002
1.015500e+003
1006
9.025000e+002
7.145000e+002
460
1.625000e+002
-1.505000e+002
-449
-706
-897
-1004
-1.017500e+003
-936
-767
-5.265000e+002
-2.365000e+002
75
380
649
8.575000e+002
986
1.022500e+003
9.635000e+002
8.145000e+002
589
309
0
-3.095000e+002
-5.895000e+002
-815
-964
-1023
-9.865000e+002
-858
-6.495000e+002
-3.805000e+002
-7.550000e+001
236
526
7.665000e+002
9.355000e+002
1017
1.003500e+003
8.965000e+002
7.055000e+002
4.485000e+002
150
-163
-4.605000e+002
-715
-903
-1.006500e+003
-1016
-931
-7.585000e+002
-5.155000e+002
-2.245000e+002
8.750000e+001
3.915000e+002
6.585000e+002
8.645000e+002
9.895000e+002
1022
959
8.065000e+002
579
297
-13
-3.215000e+002
-600
-8.225000e+002
-968
-1.023500e+003
-9.835000e+002
-8.515000e+002
-640
-3.685000e+002
-63
2.485000e+002
5.365000e+002
775
9.405000e+002
1.018500e+003
1001
8.905000e+002
6.965000e+002
4.375000e+002
1.375000e+002
-175
-4.715000e+002
-724
-9.085000e+002
-1.008500e+003
-1.014500e+003
-9.255000e+002
-750
-5.045000e+002
-212
100
403
6.685000e+002
871
9.925000e+002
1.021500e+003
9.545000e+002
799
5.685000e+002
285
-2.550000e+001
-333
-610
-830
-972
-1.023500e+003
-9.795000e+002
-844
-630
-357
-5.050000e+001
2.605000e+002
5.475000e+002
783
9.455000e+002
1.019500e+003
9.985000e+002
884
687
426
125
-1.875000e+002
-4.825000e+002
-733
-9.145000e+002
-1011
-1.012500e+003
-920
-7.415000e+002
-494
-200
1.125000e+002
4.145000e+002
6.775000e+002
8.775000e+002
9.955000e+002
1.020500e+003
950
791
558
2.725000e+002
-38
-345
-620
-837
-976
-1.023500e+003
-976
-837
-620
-345
-38
2.725000e+002
558
791
950
1.020500e+003
9.955000e+002
8.775000e+002
6.775000e+002
4.145000e+002
1.125000e+002
-200
-494
-7.415000e+002
-920
-1.012500e+003
-1011
-9.145000e+002
-733
-4.825000e+002
-1.875000e+002
125
426
687
884
9.985000e+002
1.019500e+003
9.455000e+002
783
5.475000e+002
2.605000e+002
-5.050000e+001
-357
-630
-844
-9.795000e+002
-1.023500e+003
-972
-830
-610
-333
-2.550000e+001
285
5.685000e+002
799
9.545000e+002
1.021500e+003
9.925000e+002
871
6.685000e+002
403
100
-212
-5.045000e+002
-750
-9.255000e+002
-1.014500e+003
-1.008500e+003
-9.085000e+002
-724
-4.715000e+002
-175
1.375000e+002
4.375000e+002
6.965000e+002
8.905000e+002
1001
1.018500e+003
9.405000e+002
775
5.365000e+002
2.485000e+002
-63
-3.685000e+002
-640
-8.515000e+002
-9.835000e+002
-1.023500e+003
-968
-8.225000e+002
-600
-3.215000e+002
-13
297
579
8.065000e+002
959
1022
9.895000e+002
8.645000e+002
6.585000e+002
3.915000e+002
8.750000e+001
-2.245000e+002
-5.155000e+002
-7.585000e+002
-931
-1016
-1.006500e+003
-903
-715
-4.605000e+002
-163
150
4.485000e+002
7.055000e+002
8.965000e+002
1.003500e+003
1017
9.355000e+002
7.665000e+002
526
236
-7.550000e+001
-3.805000e+002
-6.495000e+002
-858
-9.865000e+002
-1023
-964
-815
-5.895000e+002
-3.095000e+002
0
309
589
8.145000e+002
9.635000e+002
1.022500e+003
986
8.575000e+002
649
380
75
-2.365000e+002
-5.265000e+002
-767
-936
-1.017500e+003
-1004
-897
-706
-449
-1.505000e+002
1.625000e+002
460
7.145000e+002
9.025000e+002
1006
1.015500e+003
9.305000e+002
758
515
224
-88
-392
-659
-865
-990
-1.022500e+003
-9.595000e+002
-807
-5.795000e+002
-2.975000e+002
1.250000e+001
321
5.995000e+002
822
9.675000e+002
1023
983
851
6.395000e+002
368
6.250000e+001
-249
-537
-7.755000e+002
-941
-1019
-1.001500e+003
-891
-697
-438
-138
1.745000e+002
471
7.235000e+002
908
1008
1014
925
7.495000e+002
504
2.115000e+002
-1.005000e+002
-4.035000e+002
-669
-8.715000e+002
-993
-1022
-955
-7.995000e+002
-569
-2.855000e+002
25
3.325000e+002
6.095000e+002
8.295000e+002
9.715000e+002
1023
979
8.435000e+002
6.295000e+002
3.565000e+002
50
-261
-548
-7.835000e+002
-946
-1020
-999
-8.845000e+002
-6.875000e+002
-4.265000e+002
-1.255000e+002
187
482
7.325000e+002
914
1.010500e+003
1012
9.195000e+002
741
4.935000e+002
1.995000e+002
-113
-415
-678
-878
-996
-1021
-9.505000e+002
-7.915000e+002
-5.585000e+002
-273
3.750000e+001
3.445000e+002
6.195000e+002
8.365000e+002
9.755000e+002
1.023500e+003
9.755000e+002
8.365000e+002
6.195000e+002
3.445000e+002
3.750000e+001
-273
-5.585000e+002
-7.915000e+002
-9.505000e+002
-1021
-996
-878
-678
-415
-113
1.995000e+002
4.935000e+002
741
9.195000e+002
1012
1.010500e+003
914
7.325000e+002
482
187
-1.255000e+002
-4.265000e+002
-6.875000e+002
-8.845000e+002
-999
-1020
-946
-7.835000e+002
-548
-261
50
3.565000e+002
6.295000e+002
8.435000e+002
979
1023
9.715000e+002
8.295000e+002
6.095000e+002
3.325000e+002
25
-2.855000e+002
-569
-7.995000e+002
-955
-1022
-993
-8.715000e+002
-669
-4.035000e+002
-1.005000e+002
2.115000e+002
504
7.495000e+002
925
1014
1008
908
7.235000e+002
471
1.745000e+002
-138
-438
-697
-891
-1.001500e+003
-1019
-941
-7.755000e+002
-537
-249
6.250000e+001
368
6.395000e+002
851
983
1023
9.675000e+002
822
5.995000e+002
321
1.250000e+001
-2.975000e+002
-5.795000e+002
-807
-9.595000e+002
-1.022500e+003
-990
-865
-659
-392
-88
224
515
758
9.305000e+002
1.015500e+003
1006
9.025000e+002
7.145000e+002
460
1.625000e+002
-1.505000e+002
-449
-706
-897
-1004
-1.017500e+003
-936
-767
-5.265000e+002
-2.365000e+002
75
380
649
8.575000e+002
986
1.022500e+003
9.635000e+002
8.145000e+002
589
309
-5.000000e-001
-3.095000e+002
-5.895000e+002
-815
-964
-1023
-9.865000e+002
-858
-6.495000e+002
-3.805000e+002
-7.550000e+001
236
526
7.665000e+002
9.355000e+002
1017
1.003500e+003
8.965000e+002
7.055000e+002
4.485000e+002
150
-163
-4.605000e+002
-715
-903
-1.006500e+003
-1016
-931
-7.585000e+002
-5.155000e+002
-2.245000e+002
8.750000e+001
3.915000e+002
6.585000e+002
8.645000e+002
9.895000e+002
1022
959
8.065000e+002
579
297
-13
-3.215000e+002
-600
-8.225000e+002
-968
-1.023500e+003
-9.835000e+002
-8.515000e+002
-640
-3.685000e+002
-63
2.485000e+002
5.365000e+002
775
9.405000e+002
1.018500e+003
1001
8.905000e+002
6.965000e+002
4.375000e+002
1.375000e+002
-175
-4.715000e+002
-724
-9.085000e+002
-1.008500e+003
-1.014500e+003
-9.255000e+002
-750
-5.045000e+002
-212
100
403
6.685000e+002
871
9.925000e+002
1.021500e+003
9.545000e+002
799
5.685000e+002
285
-2.550000e+001
-333
-610
-830
-972
-1.023500e+003
-9.795000e+002
-844
-630
-357
-5.050000e+001
2.605000e+002
5.475000e+002
783
9.455000e+002
1.019500e+003
9.985000e+002
884
687
426
125
-1.875000e+002
-4.825000e+002
-733
-9.145000e+002
-1011
-1.012500e+003
-920
-7.415000e+002
-494
-200
1.125000e+002
4.145000e+002
6.775000e+002
8.775000e+002
9.955000e+002
1.020500e+003
950
791
558
2.725000e+002
-38
-345
-620
-837
-976
-1.023500e+003
-976
-837
-620
-345
-38
2.725000e+002
558
791
950
1.020500e+003
9.955000e+002
8.775000e+002
6.775000e+002
4.145000e+002
1.125000e+002
-200
-494
-7.415000e+002
-920
-1.012500e+003
-1011
-9.145000e+002
-733
-4.825000e+002
-1.875000e+002
125
426
687
884
9.985000e+002
1.019500e+003
9.455000e+002
783
5.475000e+002
2.605000e+002
-5.050000e+001
-357
-630
-844
-9.795000e+002
-1.023500e+003
-972
-830
-610
-333
-2.550000e+001
285
5.685000e+002
799
9.545000e+002
1.021500e+003
9.925000e+002
871
6.685000e+002
403
100
-212
-5.045000e+002
-750
-9.255000e+002
-1.014500e+003
-1.008500e+003
-9.085000e+002
-724
-4.715000e+002
-175
1.375000e+002
4.375000e+002
6.965000e+002
8.905000e+002
1001
1.018500e+003
9.405000e+002
775
5.365000e+002
2.485000e+002
-63
-3.685000e+002
-640
-8.515000e+002
-9.835000e+002
-1.023500e+003
-968
-8.225000e+002
-600
-3.215000e+002
-13
297
579
8.065000e+002
959
1022
9.895000e+002
8.645000e+002
6.585000e+002
3.915000e+002
8.750000e+001
-2.245000e+002
-5.155000e+002
-7.585000e+002
-931
-1016
-1.006500e+003
-903
-715
-4.605000e+002
-163
150
4.485000e+002
7.055000e+002
8.965000e+002
1.003500e+003
1017
9.355000e+002
7.665000e+002
526
236
-7.550000e+001
-3.805000e+002
-6.495000e+002
-858
-9.865000e+002
-1023
-964
-815
-5.895000e+002
-3.095000e+002
0
309
589
8.145000e+002
9.635000e+002
1.022500e+003
986
8.575000e+002
649
380
75
-2.365000e+002
-5.265000e+002
-767
-936
-1.017500e+003
-1004
-897
-706
-449
-1.505000e+002
1.625000e+002
460
7.145000e+002
9.025000e+002
1006
1.015500e+003
9.305000e+002
758
515
224
-88
-392
-659
-865
-990
-1.022500e+003
-9.595000e+002
-807
-5.795000e+002
-2.975000e+002
1.250000e+001
321
5.995000e+002
822
9.675000e+002
1023
983
851
6.395000e+002
368
6.250000e+001
-249
-537
-7.755000e+002
-941
-1019
-1.001500e+003
-891
-697
-438
-138
1.745000e+002
471
7.235000e+002
908
1008
1014
925
7.495000e+002
504
2.115000e+002
-1.005000e+002
-4.035000e+002
-669
-8.715000e+002
-993
-1022
-955
-7.995000e+002
-569
-2.855000e+002
25
3.325000e+002
6.095000e+002
8.295000e+002
9.715000e+002
1023
979
8.435000e+002
6.295000e+002
3.565000e+002
50
-261
-548
-7.835000e+002
-946
-1020
-999
-8.845000e+002
-6.875000e+002
-4.265000e+002
-1.255000e+002
187
482
7.325000e+002
914
1.010500e+003
1012
9.195000e+002
741
4.935000e+002
1.995000e+002
-113
-415
-678
-878
-996
-1021
-9.505000e+002
-7.915000e+002
-5.585000e+002
-273
3.750000e+001
3.445000e+002
6.195000e+002
8.365000e+002
9.755000e+002
1.023500e+003
9.755000e+002
8.365000e+002
6.195000e+002
3.445000e+002
3.750000e+001
-273
-5.585000e+002
-7.915000e+002
-9.505000e+002
-1021
-996
-878
-678
-415
-113
1.995000e+002
4.935000e+002
741
9.195000e+002
1012
1.010500e+003
914
7.325000e+002
482
187
-1.255000e+002
-4.265000e+002
-6.875000e+002
-8.845000e+002
-999
-1020
-946
-7.835000e+002
-548
-261
50
3.565000e+002
6.295000e+002
8.435000e+002
979
1023
9.715000e+002
8.295000e+002
6.095000e+002
3.325000e+002
25
-2.855000e+002
-569
-7.995000e+002
-955
-1022
-993
-8.715000e+002
-669
-4.035000e+002
-1.005000e+002
2.115000e+002
504
7.495000e+002
925
1014
1008
908
7.235000e+002
471
1.745000e+002
-138
-438
-697
-891
-1.001500e+003
-1019
-941
-7.755000e+002
-537
-249
6.250000e+001
368
6.395000e+002
851
983
1023
9.675000e+002
822
5.995000e+002
321
1.250000e+001
-2.975000e+002
-5.795000e+002
-807
-9.595000e+002
-1.022500e+003
-990
-865
-659
-392
-88
224
515
758
9.305000e+002
1.015500e+003
1006
9.025000e+002
7.145000e+002
460
1.625000e+002
-1.505000e+002
-449
-706
-897
-1004
-1.017500e+003
-936
-767
-5.265000e+002
-2.365000e+002
75
380
649
8.575000e+002
986
1.022500e+003
9.635000e+002
8.145000e+002
589
309
0
-3.095000e+002
-5.895000e+002
-815
-964
-1023
-9.865000e+002
-858
-6.495000e+002
-3.805000e+002
-7.550000e+001
236
526
7.665000e+002
9.355000e+002
1017
1.003500e+003
8.965000e+002
7.055000e+002
4.485000e+002
150
-163
-4.605000e+002
-715
-903
-1.006500e+003
-1016
-931
-7.585000e+002
-5.155000e+002
-2.245000e+002
8.750000e+001
3.915000e+002
6.585000e+002
8.645000e+002
9.895000e+002
1022
959
8.065000e+002
579
297
-13
-3.215000e+002
-600
-8.225000e+002
-968
-1.023500e+003
-9.835000e+002
-8.515000e+002
-640
-3.685000e+002
-63
2.485000e+002
5.365000e+002
775
9.405000e+002
1.018500e+003
1001
8.905000e+002
6.965000e+002
4.375000e+002
1.375000e+002
-175
-4.715000e+002
-724
-9.085000e+002
-1.008500e+003
-1.014500e+003
-9.255000e+002
-750
-5.045000e+002
-212
100
403
6.685000e+002
871
9.925000e+002
1.021500e+003
9.545000e+002
799
5.685000e+002
285
-2.550000e+001
-333
-610
-830
-972
-1.023500e+003
-9.795000e+002
-844
-630
-357
-5.050000e+001
2.605000e+002
5.475000e+002
783
9.455000e+002
1.019500e+003
9.985000e+002
884
687
426
125
-1.875000e+002
-4.825000e+002
-733
-9.145000e+002
-1011
-1.012500e+003
-920
-7.415000e+002
-494
-200
1.125000e+002
4.145000e+002
6.775000e+002
8.775000e+002
9.955000e+002
1.020500e+003
950
791
558
2.725000e+002
-38
-345
-620
-837
-976
-1.023500e+003
-976
-837
-620
-345
-38
2.725000e+002
558
791
950
1.020500e+003
9.955000e+002
8.775000e+002
6.775000e+002
4.145000e+002
1.125000e+002
-200
-494
-7.415000e+002
-920
-1.012500e+003
-1011
-9.145000e+002
-733
-4.825000e+002
-1.875000e+002
125
426
687
884
9.985000e+002
1.019500e+003
9.455000e+002
783
5.475000e+002
2.605000e+002
-5.050000e+001
-357
-630
-844
-9.795000e+002
-1.023500e+003
-972
-830
-610
-333
-2.550000e+001
285
5.685000e+002
799
9.545000e+002
1.021500e+003
9.925000e+002
871
6.685000e+002
403
100
-212
-5.045000e+002
-750
-9.255000e+002
-1.014500e+003
-1.008500e+003
-9.085000e+002
-724
-4.715000e+002
-175
1.375000e+002
4.375000e+002
6.965000e+002
8.905000e+002
1001
1.018500e+003
9.405000e+002
775
5.365000e+002
2.485000e+002
-63
-3.685000e+002
-640
-8.515000e+002
-9.835000e+002
-1.023500e+003
-968
-8.225000e+002
-600
-3.215000e+002
-13
297
579
8.065000e+002
959
1022
9.895000e+002
8.645000e+002
6.585000e+002
3.915000e+002
8.750000e+001
-2.245000e+002
-5.155000e+002
-7.585000e+002
-931
-1016
-1.006500e+003
-903
-715
-4.605000e+002
-163
150
4.485000e+002
7.055000e+002
8.965000e+002
1.003500e+003
1017
9.355000e+002
7.665000e+002
526
236
-7.550000e+001
-3.805000e+002
-6.495000e+002
-858
-9.865000e+002
-1023
-964
-815
-5.895000e+002
-3.095000e+002
-5.000000e-001
309
589
8.145000e+002
9.635000e+002
1.022500e+003
986
8.575000e+002
649
380
75
-2.365000e+002
-5.265000e+002
-767
-936
-1.017500e+003
-1004
-897
-706
-449
-1.505000e+002
1.625000e+002
460
7.145000e+002
9.025000e+002
1006
1.015500e+003
9.305000e+002
758
515
224
-88
-392
-659
-865
-990
-1.022500e+003
-9.595000e+002
-807
-5.795000e+002
-2.975000e+002
1.250000e+001
321
5.995000e+002
822
9.675000e+002
1023
983
851
6.395000e+002
368
6.250000e+001
-249
-537
-7.755000e+002
-941
-1019
-1.001500e+003
-891
-697
-438
-138
1.745000e+002
471
7.235000e+002
908
1008
1014
925
7.495000e+002
504
2.115000e+002
-1.005000e+002
-4.035000e+002
-669
-8.715000e+002
-993
-1022
-955
-7.995000e+002
-569
-2.855000e+002
25
3.325000e+002
6.095000e+002
8.295000e+002
9.715000e+002
1023
979
8.435000e+002
6.295000e+002
3.565000e+002
50
-261
-548
-7.835000e+002
-946
-1020
-999
-8.845000e+002
-6.875000e+002
-4.265000e+002
-1.255000e+002
187
482
7.325000e+002
914
1.010500e+003
1012
9.195000e+002
741
4.935000e+002
1.995000e+002
-113
-415
-678
-878
-996
-1021
-9.505000e+002
-7.915000e+002
-5.585000e+002
-273
3.750000e+001
3.445000e+002
6.195000e+002
8.365000e+002
9.755000e+002
1.023500e+003
9.755000e+002
8.365000e+002
6.195000e+002
3.445000e+002
3.750000e+001
-273
-5.585000e+002
-7.915000e+002
-9.505000e+002
-1021
-996
-878
-678
-415
-113
1.995000e+002
4.935000e+002
741
9.195000e+002
1012
1.010500e+003
914
7.325000e+002
482
187
-1.255000e+002
-4.265000e+002
-6.875000e+002
-8.845000e+002
-999
-1020
-946
-7.835000e+002
-548
-261
50
3.565000e+002
6.295000e+002
8.435000e+002
979
1023
9.715000e+002
8.295000e+002
6.095000e+002
3.325000e+002
25
-2.855000e+002
-569
-7.995000e+002
-955
-1022
-993
-8.715000e+002
-669
-4.035000e+002
-1.005000e+002
2.115000e+002
504
7.495000e+002
925
1014
1008
908
7.235000e+002
471
1.745000e+002
-138
-438
-697
-891
-1.001500e+003
-1019
-941
-7.755000e+002
-537
-249
6.250000e+001
368
6.395000e+002
851
983
1023
9.675000e+002
822
5.995000e+002
321
1.250000e+001
-2.975000e+002
-5.795000e+002
-807
-9.595000e+002
-1.022500e+003
-990
-865
-659
-392
-88
224
515
758
9.305000e+002
1.015500e+003
1006
9.025000e+002
7.145000e+002
460
1.625000e+002
-1.505000e+002
-449
-706
-897
-1004
-1.017500e+003
-936
-767
-5.265000e+002
-2.365000e+002
75
380
649
8.575000e+002
986
1.022500e+003
9.635000e+002
8.145000e+002
589
309
0
-3.095000e+002
-5.895000e+002
-815
-964
-1023
-9.865000e+002
-858
-6.495000e+002
-3.805000e+002
-7.550000e+001
236
526
7.665000e+002
9.355000e+002
1017
1.003500e+003
8.965000e+002
7.055000e+002
4.485000e+002
150
-163
-4.605000e+002
-715
-903
-1.006500e+003
-1016
-931
-7.585000e+002
-5.155000e+002
-2.245000e+002
8.750000e+001
3.915000e+002
6.585000e+002
8.645000e+002
9.895000e+002
1022
959
8.065000e+002
579
297
-13
-3.215000e+002
-600
-8.225000e+002
-968
-1.023500e+003
-9.835000e+002
-8.515000e+002
-640
-3.685000e+002
-63
2.485000e+002
5.365000e+002
775
9.405000e+002
1.018500e+003
1001
8.905000e+002
6.965000e+002
4.375000e+002
1.375000e+002
-175
-4.715000e+002
-724
-9.085000e+002
-1.008500e+003
-1.014500e+003
-9.255000e+002
-750
-5.045000e+002
-212
100
403
6.685000e+002
871
9.925000e+002
1.021500e+003
9.545000e+002
799
5.685000e+002
285
-2.550000e+001
-333
-610
-830
-972
-1.023500e+003
-9.795000e+002
-844
-630
-357
-5.050000e+001
2.605000e+002
5.475000e+002
783
9.455000e+002
1.019500e+003
9.985000e+002
884
687
426
125
-1.875000e+002
-4.825000e+002
-733
-9.145000e+002
-1011
-1.012500e+003
-920
-7.415000e+002
-494
-200
1.125000e+002
4.145000e+002
6.775000e+002
8.775000e+002
9.955000e+002
1.020500e+003
950
791
558
2.725000e+002
-38
-345
-620
-837
-976
-1.023500e+003
-976
-837
-620
-345
-38
2.725000e+002
558
791
950
1.020500e+003
9.955000e+002
8.775000e+002
6.775000e+002
4.145000e+002
1.125000e+002
-200
-494
-7.415000e+002
-920
-1.012500e+003
-1011
-9.145000e+002
-733
-4.825000e+002
-1.875000e+002
125
426
687
884
9.985000e+002
1.019500e+003
9.455000e+002
783
5.475000e+002
2.605000e+002
-5.050000e+001
-357
-630
-844
-9.795000e+002
-1.023500e+003
-972
-830
-610
-333
-2.550000e+001
285
5.685000e+002
799
9.545000e+002
1.021500e+003
9.925000e+002
871
6.685000e+002
403
100
-212
-5.045000e+002
-750
-9.255000e+002
-1.014500e+003
-1.008500e+003
-9.085000e+002
-724
-4.715000e+002
-175
1.375000e+002
4.375000e+002
6.965000e+002
8.905000e+002
1001
1.018500e+003
9.405000e+002
775
5.365000e+002
2.485000e+002
-63
-3.685000e+002
-640
-8.515000e+002
-9.835000e+002
-1.023500e+003
-968
-8.225000e+002
-600
-3.215000e+002
-13
297
579
8.065000e+002
959
1022
9.895000e+002
8.645000e+002
6.585000e+002
3.915000e+002
8.750000e+001
-2.245000e+002
-5.155000e+002
-7.585000e+002
-931
-1016
-1.006500e+003
-903
-715
-4.605000e+002
-163
150
4.485000e+002
7.055000e+002
8.965000e+002
1.003500e+003
1017
9.355000e+002
7.665000e+002
526
236
-7.550000e+001
-3.805000e+002
-6.495000e+002
-858
-9.865000e+002
-1023
-964
-815
-5.895000e+002
-3.095000e+002
-5.000000e-001
309
589
8.145000e+002
9.635000e+002
1.022500e+003
986
8.575000e+002
649
380
75
-2.365000e+002
-5.265000e+002
-767
-936
-1.017500e+003
-1004
-897
-706
-449
-1.505000e+002
1.625000e+002
460
7.145000e+002
9.025000e+002
1006
1.015500e+003
9.305000e+002
758
515
224
-88
-392
-659
-865
-990
-1.022500e+003
-9.595000e+002
-807
-5.795000e+002
-2.975000e+002
1.250000e+001
321
5.995000e+002
822
9.675000e+002
1023
983
851
6.395000e+002
368
6.250000e+001
-249
-537
-7.755000e+002
-941
-1019
-1.001500e+003
-891
-697
-438
-138
1.745000e+002
471
7.235000e+002
908
1008
1014
925
7.495000e+002
504
2.115000e+002
-1.005000e+002
-4.035000e+002
-669
-8.715000e+002
-993
-1022
-955
-7.995000e+002
-569
-2.855000e+002
25
3.325000e+002
6.095000e+002
8.295000e+002
9.715000e+002
1023
979
8.435000e+002
6.295000e+002
3.565000e+002
50
-261
-548
-7.835000e+002
-946
-1020
-999
-8.845000e+002
-6.875000e+002
-4.265000e+002
-1.255000e+002
187
482
7.325000e+002
914
1.010500e+003
1012
9.195000e+002
741
4.935000e+002
1.995000e+002
-113
-415
-678
-878
-996
-1021
-9.505000e+002
-7.915000e+002
-5.585000e+002
-273
3.750000e+001
3.445000e+002
6.195000e+002
8.365000e+002
9.755000e+002
1.023500e+003
9.755000e+002
8.365000e+002
6.195000e+002
3.445000e+002
3.750000e+001
-273
-5.585000e+002
-7.915000e+002
-9.505000e+002
-1021
-996
-878
-678
-415
-113
1.995000e+002
4.935000e+002
741
9.195000e+002
1012
1.010500e+003
914
7.325000e+002
482
187
-1.255000e+002
-4.265000e+002
-6.875000e+002
-8.845000e+002
-999
-1020
-946
-7.835000e+002
-548
-261
50
3.565000e+002
6.295000e+002
8.435000e+002
979
1023
9.715000e+002
8.295000e+002
6.095000e+002
3.325000e+002
25
-2.855000e+002
-569
-7.995000e+002
-955
-1022
-993
-8.715000e+002
-669
-4.035000e+002
-1.005000e+002
2.115000e+002
504
7.495000e+002
925
1014
1008
908
7.235000e+002
471
1.745000e+002
-138
-438
-697
-891
-1.001500e+003
-1019
-941
-7.755000e+002
-537
-249
6.250000e+001
368
6.395000e+002
851
983
1023
9.675000e+002
822
5.995000e+002
321
1.250000e+001
-2.975000e+002
-5.795000e+002
-807
-9.595000e+002
-1.022500e+003
-990
-865
-659
-392
-88
224
515
758
9.305000e+002
1.015500e+003
1006
9.025000e+002
7.145000e+002
460
1.625000e+002
-1.505000e+002
-449
-706
-897
-1004
-1.017500e+003
-936
-767
-5.265000e+002
-2.365000e+002
75
380
649
8.575000e+002
986
1.022500e+003
9.635000e+002
8.145000e+002
589
309
0
-3.095000e+002
-5.895000e+002
-815
-964
-1023
-9.865000e+002
-858
-6.495000e+002
-3.805000e+002
-7.550000e+001
236
526
7.665000e+002
9.355000e+002
1017
